6 24-01-29-16:45 20.97 52.67 21.10 48.09 21.15 34.87
6 24-01-29-18:45 20.69 52.61 20.85 48.09 20.85 34.86
6 24-01-29-20:45 20.52 52.61 20.67 48.07 20.71 34.81
6 24-01-29-22:45 20.55 52.60 20.68 48.05 20.71 34.87
6 24-01-30-00:45 20.49 52.59 20.62 48.01 20.68 34.90
6 24-01-30-02:45 20.42 52.57 20.58 48.03 20.60 34.91
6 24-01-30-04:45 20.26 52.51 20.41 48.02 20.43 34.87
6 24-01-30-06:45 20.09 52.47 20.24 47.90 20.26 34.88
6 24-01-30-08:46 20.31 52.46 20.42 47.95 20.51 35.00
6 24-01-30-10:46 21.10 52.62 21.25 48.13 21.29 35.17
6 24-01-30-12:46 21.36 52.70 21.49 48.18 21.56 35.29
6 24-01-30-14:46 21.17 52.74 21.32 48.17 21.39 35.29
6 24-01-30-16:46 21.09 52.70 21.22 48.19 21.29 35.36
6 24-01-30-18:46 20.96 52.70 21.12 48.20 21.18 35.37
6 24-01-30-20:46 20.78 52.60 20.93 48.12 20.98 35.30
6 24-01-30-22:46 20.72 52.64 20.88 48.12 20.94 35.29
6 24-01-31-00:46 20.80 52.64 20.90 48.16 20.95 35.35
6 24-01-31-02:46 20.83 52.63 20.99 48.11 21.02 35.44
6 24-01-31-04:47 20.82 52.64 20.96 48.13 21.02 35.43
6 24-01-31-06:47 20.80 52.64 20.96 48.12 20.98 35.51
6 24-01-31-08:47 20.79 52.62 20.89 48.10 20.95 35.49
6 24-01-31-10:47 20.53 52.54 20.67 48.07 20.75 35.56
6 24-01-31-12:47 20.45 52.47 20.59 48.04 20.63 35.53
6 24-01-31-14:47 20.46 52.49 20.61 48.00 20.64 35.59
6 24-01-31-16:47 20.52 52.44 20.67 48.01 20.73 35.70
6 24-01-31-18:47 20.52 52.48 20.65 47.97 20.71 35.69
6 24-01-31-20:47 20.42 52.44 20.59 47.95 20.60 35.71
6 24-01-31-22:48 20.46 52.40 20.58 47.93 20.66 35.76
6 24-02-01-00:48 20.59 52.44 20.74 47.95 20.80 35.86
6 24-02-01-02:48 20.70 52.45 20.82 48.00 20.88 35.88
6 24-02-01-04:48 20.72 52.46 20.85 47.95 20.91 35.98
6 24-02-01-06:48 20.76 52.48 20.88 48.02 20.95 35.96
6 24-02-01-08:48 20.69 52.45 20.85 48.00 20.85 36.08
6 24-02-01-10:48 20.48 52.39 20.61 47.93 20.67 36.05
6 24-02-01-12:48 20.40 52.32 20.55 47.92 20.58 36.06
6 24-02-01-14:48 20.49 52.32 20.61 47.89 20.66 36.17
6 24-02-01-16:48 20.48 52.36 20.61 47.89 20.66 36.21
6 24-02-01-18:49 20.39 52.30 20.55 47.90 20.60 36.18
6 24-02-01-20:49 20.45 52.26 20.59 47.86 20.62 36.31
6 24-02-01-22:49 20.49 52.30 20.64 47.90 20.68 36.31
6 24-02-02-00:49 20.62 52.30 20.75 47.90 20.80 36.37
6 24-02-02-02:49 20.65 52.32 20.78 47.90 20.87 36.42
6 24-02-02-04:49 20.65 52.29 20.79 47.94 20.84 36.46
6 24-02-02-06:49 20.65 52.27 20.76 47.89 20.84 36.49
6 24-02-02-08:49 20.62 52.26 20.76 47.95 20.81 36.51
6 24-02-02-10:49 20.48 52.22 20.61 47.87 20.64 36.50
6 24-02-02-12:49 20.45 52.25 20.58 47.90 20.63 36.51
6 24-02-02-14:50 20.46 52.18 20.58 47.90 20.64 36.54
6 24-02-02-16:50 20.46 52.19 20.61 47.87 20.66 36.59
6 24-02-02-18:50 20.40 52.16 20.54 47.84 20.60 36.58
6 24-02-02-20:50 20.35 52.16 20.51 47.84 20.56 36.59
6 24-02-02-22:50 20.43 52.16 20.56 47.85 20.60 36.62
6 24-02-03-00:50 20.49 52.15 20.64 47.83 20.66 36.64
6 24-02-03-02:50 20.49 52.14 20.62 47.84 20.66 36.65
6 24-02-03-04:50 20.46 52.17 20.59 47.84 20.66 36.71
6 24-02-03-06:50 20.43 52.11 20.55 47.80 20.62 36.70
6 24-02-03-08:50 20.39 52.07 20.52 47.82 20.62 36.72
6 24-02-03-10:51 20.40 52.10 20.58 47.80 20.60 36.75
6 24-02-03-12:51 20.40 52.07 20.55 47.84 20.60 36.77
6 24-02-03-14:51 20.33 52.06 20.49 47.83 20.54 36.78
6 24-02-03-16:51 20.29 52.03 20.44 47.81 20.48 36.77
6 24-02-03-18:51 20.29 52.00 20.45 47.81 20.50 36.82
6 24-02-03-20:51 20.29 52.02 20.45 47.77 20.48 36.82
6 24-02-03-22:51 20.33 51.96 20.45 47.81 20.53 36.88
6 24-02-04-00:51 20.28 51.96 20.42 47.77 20.47 36.89
6 24-02-04-02:51 20.24 51.91 20.34 47.73 20.37 36.84
6 24-02-04-04:52 20.16 51.89 20.28 47.71 20.33 36.80
6 24-02-04-06:52 20.11 51.86 20.24 47.69 20.29 36.84
6 24-02-04-08:52 20.05 51.86 20.18 47.66 20.25 36.87
6 24-02-04-10:52 20.05 51.86 20.17 47.63 20.20 36.85
6 24-02-04-12:52 19.98 51.76 20.13 47.64 20.17 36.91
6 24-02-04-14:52 19.95 51.79 20.07 47.60 20.11 36.86
6 24-02-04-16:52 19.96 51.74 20.10 47.62 20.13 36.83
6 24-02-04-18:52 19.94 51.73 20.10 47.61 20.13 36.90
6 24-02-04-20:52 19.98 51.74 20.11 47.61 20.15 36.93
6 24-02-04-22:52 19.99 51.73 20.13 47.64 20.15 36.93
6 24-02-05-00:53 20.01 51.67 20.14 47.64 20.19 36.96
6 24-02-05-02:53 20.04 51.73 20.18 47.60 20.20 37.01
6 24-02-05-04:53 20.01 51.71 20.14 47.59 20.19 37.01
6 24-02-05-06:53 19.89 51.68 20.04 47.59 20.06 36.98
6 24-02-05-08:53   
6 24-02-05-10:53 21.00 51.82 21.16 47.79 21.21 37.29
6 24-02-05-12:53 21.15 51.91 21.30 47.86 21.34 37.37
6 24-02-05-14:53 20.83 51.87 20.95 47.84 20.99 37.31
6 24-02-05-16:53 20.53 51.86 20.76 47.76 20.75 37.31
6 24-02-05-18:53 20.52 51.84 20.67 47.76 20.71 37.31
6 24-02-05-20:54 20.52 51.82 20.65 47.79 20.68 37.29
6 24-02-05-22:54 20.49 51.83 20.64 47.77 20.70 37.35
6 24-02-06-00:54 20.49 51.78 20.64 47.80 20.67 37.37
6 24-02-06-02:54 20.42 51.74 20.55 47.78 20.57 37.36
6 24-02-06-04:54 20.25 51.71 20.42 47.72 20.43 37.31
6 24-02-06-06:54 20.14 51.73 20.25 47.67 20.30 37.31
