6 24-02-14-13:48 20.38 50.59 20.49 46.53 20.54 34.48
6 24-02-14-15:48 20.24 50.57 20.34 46.48 20.37 34.41
6 24-02-14-17:48 20.28 50.51 20.39 46.47 20.43 34.41
6 24-02-14-19:48 20.33 50.49 20.44 46.45 20.44 34.38
6 24-02-14-21:48 20.22 50.49 20.35 46.39 20.35 34.37
6 24-02-14-23:48 19.99 50.41 20.16 46.34 20.13 34.23
6 24-02-15-01:48 19.68 50.33 19.80 46.22 19.82 34.14
6 24-02-15-03:48 19.37 50.24 19.52 46.17 19.53 34.06
6 24-02-15-05:48 19.16 50.17 19.27 46.09 19.28 33.96
6 24-02-15-07:49 19.51 50.18 19.63 46.07 19.69 33.97
6 24-02-15-09:49 20.33 50.26 20.47 46.16 20.56 34.11
6 24-02-15-11:49 20.94 50.44 21.07 46.36 21.09 34.16
6 24-02-15-13:49 20.70 50.40 20.82 46.34 20.81 34.12
6 24-02-15-15:49 20.39 50.31 20.51 46.25 20.51 34.01
6 24-02-15-17:49 20.28 50.29 20.39 46.24 20.42 33.97
6 24-02-15-19:49 20.33 50.32 20.47 46.29 20.50 33.94
6 24-02-15-21:49 20.32 50.27 20.42 46.24 20.44 33.86
6 24-02-15-23:49 20.22 50.26 20.35 46.17 20.37 33.81
6 24-02-16-01:49 20.11 50.22 20.25 46.19 20.29 33.75
6 24-02-16-03:50 19.96 50.18 20.14 46.09 20.13 33.69
6 24-02-16-05:50 19.85 50.13 19.97 46.01 19.99 33.59
6 24-02-16-07:50 19.70 50.06 19.87 46.01 19.91 33.55
6 24-02-16-09:50 20.32 50.07 20.48 46.09 20.53 33.61
6 24-02-16-11:50 21.01 50.30 21.14 46.19 21.21 33.72
6 24-02-16-13:50 20.80 50.26 20.92 46.17 20.94 33.66
6 24-02-16-15:50 20.33 50.15 20.47 46.10 20.47 33.55
6 24-02-16-17:50 20.09 50.07 20.25 46.03 20.26 33.45
6 24-02-16-19:50 20.19 50.05 20.29 46.02 20.33 33.43
6 24-02-16-21:51 20.21 50.10 20.37 45.99 20.33 33.40
6 24-02-16-23:51 20.05 50.01 20.21 45.99 20.23 33.28
6 24-02-17-01:51 19.89 49.94 20.07 45.94 20.05 33.24
6 24-02-17-03:51 19.74 49.88 19.87 45.81 19.89 33.12
6 24-02-17-05:51 19.54 49.87 19.67 45.80 19.69 33.05
6 24-02-17-07:51 19.40 49.82 19.49 45.72 19.53 33.03
6 24-02-17-09:51 19.21 49.67 19.34 45.63 19.37 32.95
6 24-02-17-11:51 19.07 49.66 19.21 45.61 19.20 32.83
6 24-02-17-13:51 18.95 49.58 19.05 45.51 19.07 32.76
6 24-02-17-15:51 18.79 49.54 18.94 45.44 18.97 32.75
6 24-02-17-17:52 18.69 49.41 18.81 45.38 18.85 32.68
6 24-02-17-19:52 18.75 49.40 18.89 45.34 18.90 32.60
6 24-02-17-21:52 18.79 49.36 18.89 45.31 18.92 32.58
6 24-02-17-23:52 18.76 49.31 18.89 45.26 18.92 32.55
6 24-02-18-01:52 18.73 49.28 18.88 45.24 18.90 32.50
