6 23-10-04-11:01 23.68 74.02 23.78 71.58 23.84 62.07
6 23-10-04-13:01 23.62 73.98 23.74 71.57 23.81 61.91
6 23-10-04-15:01 23.54 73.98 23.70 71.52 23.70 61.79
6 23-10-04-17:01 23.53 73.95 23.64 71.54 23.65 61.56
6 23-10-04-19:01 23.47 73.92 23.60 71.51 23.65 61.39
6 23-10-04-21:01 23.51 73.93 23.63 71.54 23.67 61.27
6 23-10-04-23:01 23.57 73.94 23.71 71.55 23.75 61.10
6 23-10-05-01:01 23.65 73.94 23.77 71.53 23.83 60.92
6 23-10-05-03:01 23.61 73.94 23.73 71.55 23.78 60.76
6 23-10-05-05:02 23.50 73.89 23.63 71.52 23.70 60.56
6 23-10-05-07:02 23.38 73.87 23.54 71.48 23.58 60.37
6 23-10-05-09:02 23.31 73.85 23.44 71.44 23.49 60.16
6 23-10-05-11:02 23.21 73.78 23.36 71.38 23.37 60.02
6 23-10-05-13:02 23.16 73.76 23.29 71.35 23.32 59.83
6 23-10-05-15:02 23.13 73.74 23.24 71.34 23.30 59.63
6 23-10-05-17:02 22.87 73.67 23.00 71.25 23.02 59.36
6 23-10-05-19:02 22.72 73.64 22.83 71.19 22.89 59.15
6 23-10-05-21:02 22.63 73.60 22.75 71.11 22.79 58.94
6 23-10-05-23:03 22.67 73.57 22.80 71.09 22.85 58.77
6 23-10-06-01:03 22.83 73.59 22.95 71.11 22.99 58.66
6 23-10-06-03:03 22.90 73.58 23.03 71.10 23.10 58.46
6 23-10-06-05:03 22.94 73.58 23.07 71.05 23.12 58.26
6 23-10-06-07:03 22.97 73.59 23.09 71.03 23.13 58.10
6 23-10-06-09:03 22.74 73.50 22.89 70.97 22.92 57.85
6 23-10-06-11:03 22.48 73.48 22.63 70.91 22.65 57.64
6 23-10-06-13:03 22.25 73.40 22.38 70.81 22.47 57.37
6 23-10-06-15:03 22.07 73.31 22.22 70.73 22.25 57.15
6 23-10-06-17:03 21.98 73.27 22.11 70.66 22.15 56.95
6 23-10-06-19:04 21.88 73.23 22.03 70.59 22.07 56.77
6 23-10-06-21:04 21.78 73.21 21.88 70.50 21.92 56.54
6 23-10-06-23:04 21.61 73.08 21.74 70.40 21.79 56.39
6 23-10-07-01:04 21.74 73.13 21.87 70.39 21.89 56.28
6 23-10-07-03:04 21.78 73.07 21.93 70.39 21.99 56.15
6 23-10-07-05:04 21.84 73.11 22.00 70.34 22.03 56.04
6 23-10-07-07:04 21.88 73.11 21.98 70.28 22.01 55.90
6 23-10-07-09:04 21.53 72.96 21.67 70.22 21.73 55.66
6 23-10-07-11:04 21.24 72.90 21.39 70.11 21.41 55.52
6 23-10-07-13:05 21.21 72.90 21.32 70.03 21.41 55.37
6 23-10-07-15:05 21.29 72.87 21.42 70.04 21.46 55.26
6 23-10-07-17:05 21.41 72.86 21.54 70.02 21.63 55.22
6 23-10-07-19:05 21.68 72.88 21.80 69.99 21.84 55.17
6 23-10-07-21:05 21.75 72.92 21.85 69.96 21.89 55.07
6 23-10-07-23:05 21.78 72.90 21.93 70.00 21.94 54.97
6 23-10-08-01:05 21.89 72.88 22.05 70.00 22.08 54.98
6 23-10-08-03:05 22.04 72.91 22.17 69.97 22.23 54.92
6 23-10-08-05:05 22.13 72.92 22.28 69.96 22.30 54.91
6 23-10-08-07:05 22.20 72.87 22.32 69.95 22.38 54.93
6 23-10-08-09:06 21.99 72.86 22.14 69.88 22.18 54.79
6 23-10-08-11:06 21.78 72.80 21.93 69.81 21.97 54.73
6 23-10-08-13:06 21.77 72.77 21.88 69.78 21.97 54.72
6 23-10-08-15:06 21.77 72.76 21.88 69.74 21.93 54.70
6 23-10-08-17:06 21.81 72.72 21.94 69.74 21.99 54.66
6 23-10-08-19:06 21.85 72.73 21.98 69.73 22.03 54.65
6 23-10-08-21:06 21.68 72.66 21.83 69.61 21.86 54.54
6 23-10-08-23:06 21.77 72.67 21.88 69.62 21.96 54.57
6 23-10-09-01:06 21.97 72.69 22.12 69.64 22.15 54.56
6 23-10-09-03:07 22.16 72.73 22.29 69.64 22.35 54.59
6 23-10-09-05:07 22.32 72.76 22.42 69.68 22.48 54.63
6 23-10-09-07:07 22.39 72.72 22.54 69.64 22.59 54.61
