6 23-10-26-08:57 20.80 69.21 20.96 65.44 20.99 50.23
6 23-10-26-10:57 20.46 69.13 20.61 65.30 20.64 50.15
6 23-10-26-12:57 20.24 69.03 20.39 65.22 20.43 50.01
6 23-10-26-14:57 20.08 69.00 20.20 65.17 20.25 49.90
6 23-10-26-16:57 19.94 68.94 20.07 65.14 20.09 49.81
6 23-10-26-18:57 19.82 68.86 19.96 65.06 20.00 49.74
6 23-10-26-20:58 19.72 68.80 19.87 64.96 19.91 49.61
6 23-10-26-22:58 19.82 68.78 19.96 64.95 19.99 49.58
6 23-10-27-00:58 20.01 68.81 20.16 65.00 20.19 49.50
6 23-10-27-02:58 20.12 68.82 20.27 64.94 20.29 49.52
6 23-10-27-04:58 20.21 68.81 20.34 64.95 20.39 49.49
6 23-10-27-06:58 20.25 68.81 20.38 64.94 20.42 49.35
6 23-10-27-08:58 19.98 68.73 20.11 64.85 20.16 49.25
6 23-10-27-10:58 19.61 68.64 19.74 64.76 19.78 49.11
6 23-10-27-12:58 19.31 68.54 19.46 64.66 19.51 48.96
6 23-10-27-14:58 19.13 68.46 19.29 64.59 19.31 48.85
6 23-10-27-16:59 19.00 68.44 19.13 64.54 19.21 48.79
6 23-10-27-18:59 18.92 68.38 19.05 64.50 19.07 48.64
6 23-10-27-20:59 18.79 68.31 18.89 64.41 18.93 48.54
6 23-10-27-22:59 18.70 68.26 18.81 64.38 18.87 48.44
6 23-10-28-00:59 18.89 68.29 18.99 64.35 19.06 48.43
6 23-10-28-02:59 19.05 68.30 19.16 64.34 19.24 48.43
6 23-10-28-04:59 19.14 68.28 19.25 64.32 19.31 48.40
6 23-10-28-06:59 19.17 68.26 19.29 64.34 19.35 48.34
6 23-10-28-08:59 18.86 68.18 18.98 64.24 19.03 48.20
6 23-10-28-11:00 18.42 68.08 18.57 64.11 18.56 48.01
6 23-10-28-13:00 18.25 67.99 18.38 64.03 18.37 47.93
6 23-10-28-15:00 18.19 67.95 18.36 63.98 18.34 47.86
6 23-10-28-17:00 18.22 67.95 18.38 63.97 18.35 47.80
6 23-10-28-19:00 18.18 67.91 18.31 63.92 18.34 47.71
6 23-10-28-21:00 18.01 67.86 18.16 63.87 18.18 47.65
6 23-10-28-23:00 18.11 67.87 18.23 63.80 18.28 47.64
6 23-10-29-01:00 18.33 67.86 18.46 63.85 18.46 47.62
6 23-10-29-03:00 18.41 67.83 18.54 63.82 18.59 47.54
6 23-10-29-05:00 18.46 67.87 18.58 63.81 18.63 47.55
6 23-10-29-07:01 18.48 67.79 18.62 63.77 18.65 47.50
6 23-10-29-09:01 18.35 67.77 18.50 63.73 18.49 47.41
6 23-10-29-11:01 18.21 67.74 18.36 63.66 18.39 47.33
6 23-10-29-13:01 18.16 67.71 18.31 63.66 18.31 47.26
6 23-10-29-15:01 18.02 67.63 18.20 63.61 18.21 47.19
6 23-10-29-17:01 17.95 67.63 18.14 63.55 18.14 47.17
6 23-10-29-19:01 17.87 67.60 18.03 63.49 18.05 47.06
6 23-10-29-21:01 17.74 67.53 17.90 63.46 17.93 46.95
6 23-10-29-23:01 17.85 67.52 18.03 63.44 18.04 46.94
6 23-10-30-01:02 18.04 67.53 18.24 63.45 18.23 46.96
6 23-10-30-03:02 18.18 67.55 18.34 63.42 18.35 46.97
6 23-10-30-05:02 18.27 67.57 18.37 63.39 18.42 46.92
6 23-10-30-07:02 18.27 67.51 18.40 63.44 18.44 46.82
6 23-10-30-09:02 18.09 67.47 18.27 63.38 18.31 46.76
6 23-10-30-11:02 17.95 67.41 18.14 63.32 18.14 46.69
6 23-10-30-13:02 17.87 67.42 18.04 63.28 18.05 46.66
6 23-10-30-15:02 17.88 67.35 18.04 63.23 18.08 46.62
6 23-10-30-17:02 17.89 67.35 17.99 63.18 18.04 46.56
6 23-10-30-19:02 17.76 67.30 17.86 63.18 17.96 46.50
6 23-10-30-21:03 17.60 67.25 17.74 63.11 17.80 46.42
6 23-10-30-23:03 17.68 67.23 17.80 63.10 17.87 46.43
6 23-10-31-01:03 17.82 67.23 17.99 63.08 18.03 46.45
6 23-10-31-03:03 17.89 67.23 18.10 63.10 18.11 46.38
6 23-10-31-05:03 17.95 67.21 18.16 63.06 18.17 46.36
6 23-10-31-07:03 17.95 67.24 18.13 63.03 18.14 46.30
6 23-10-31-09:03 17.64 67.13 17.80 62.97 17.84 46.22
6 23-10-31-11:03 17.47 67.08 17.57 62.85 17.63 46.12
6 23-10-31-13:03 17.40 67.06 17.52 62.84 17.57 46.08
6 23-10-31-15:04 17.36 67.03 17.52 62.78 17.56 46.03
6 23-10-31-17:04 17.36 66.96 17.49 62.80 17.50 45.99
6 23-10-31-19:04 17.26 66.93 17.41 62.75 17.47 45.91
6 23-10-31-21:04 17.20 66.91 17.32 62.71 17.37 45.87
6 23-10-31-23:04 17.31 66.92 17.41 62.70 17.47 45.87
6 23-11-01-01:04 17.46 66.95 17.57 62.70 17.67 45.87
6 23-11-01-03:04 17.48 66.90 17.62 62.72 17.69 45.85
6 23-11-01-05:04 17.54 66.91 17.63 62.68 17.73 45.86
6 23-11-01-07:04 17.57 66.90 17.73 62.69 17.78 45.77
6 23-11-01-09:04 17.56 66.85 17.68 62.60 17.74 45.76
6 23-11-01-11:05 17.56 66.88 17.68 62.62 17.74 45.71
6 23-11-01-13:05 17.66 66.86 17.80 62.59 17.86 45.72
6 23-11-01-15:05 17.66 66.85 17.79 62.62 17.84 45.72
6 23-11-01-17:05 17.68 66.81 17.83 62.57 17.87 45.63
6 23-11-01-19:05 17.66 66.80 17.79 62.58 17.83 45.65
6 23-11-01-21:05 17.61 66.80 17.77 62.53 17.81 45.58
6 23-11-01-23:05 17.76 66.80 17.87 62.54 17.94 45.58
6 23-11-02-01:05 17.88 66.80 18.04 62.58 18.09 45.64
6 23-11-02-03:05 17.97 66.82 18.13 62.55 18.15 45.63
6 23-11-02-05:05 18.05 66.80 18.20 62.57 18.24 45.59
