6 23-07-12-14:42 21.92 83.75 22.04 80.92 22.10 66.86
6 23-07-12-16:42 21.92 83.74 22.05 80.90 22.08 66.78
6 23-07-12-18:42 21.92 83.74 22.05 80.88 22.07 66.79
6 23-07-12-20:42 21.89 83.69 22.07 80.86 22.07 66.81
6 23-07-12-22:42 22.15 83.74 22.25 80.88 22.31 66.88
6 23-07-13-00:43 22.56 83.80 22.69 80.93 22.72 67.01
6 23-07-13-02:43 23.00 83.87 23.09 81.03 23.14 67.20
6 23-07-13-04:43 23.30 83.94 23.42 81.06 23.47 67.41
6 23-07-13-06:43 23.57 84.00 23.68 81.11 23.73 67.55
6 23-07-13-08:43 23.16 83.91 23.26 81.03 23.26 67.50
6 23-07-13-10:43 22.49 83.75 22.60 80.92 22.62 67.46
6 23-07-13-12:43 22.08 83.63 22.17 80.78 22.21 67.38
6 23-07-13-14:43 21.82 83.61 21.91 80.76 21.97 67.42
6 23-07-13-16:43 21.75 83.56 21.87 80.73 21.93 67.39
6 23-07-13-18:43 21.78 83.54 21.91 80.70 21.96 67.43
6 23-07-13-20:44 21.87 83.56 21.98 80.66 22.06 67.46
6 23-07-13-22:44 22.18 83.60 22.28 80.75 22.34 67.53
6 23-07-14-00:44 22.64 83.66 22.78 80.86 22.83 67.68
6 23-07-14-02:44 23.09 83.76 23.22 80.90 23.27 67.82
6 23-07-14-04:44 23.48 83.85 23.61 80.97 23.65 67.97
6 23-07-14-06:44 23.75 83.88 23.84 81.03 23.83 68.04
6 23-07-14-08:44 22.97 83.71 23.10 80.90 23.10 67.91
6 23-07-14-10:44 22.32 83.59 22.48 80.74 22.48 67.79
6 23-07-14-12:44 22.02 83.53 22.17 80.70 22.18 67.74
6 23-07-14-14:45 21.85 83.47 21.98 80.61 22.03 67.71
6 23-07-14-16:45 21.71 83.40 21.80 80.58 21.86 67.64
6 23-07-14-18:45 21.68 83.40 21.81 80.57 21.86 67.62
6 23-07-14-20:45 21.80 83.40 21.93 80.54 21.99 67.66
6 23-07-14-22:45 21.99 83.38 22.09 80.58 22.18 67.67
6 23-07-15-00:45 22.45 83.50 22.58 80.67 22.61 67.77
6 23-07-15-02:45 22.93 83.57 23.03 80.74 23.09 67.80
6 23-07-15-04:45 23.34 83.63 23.46 80.84 23.52 67.91
6 23-07-15-06:45 23.69 83.70 23.80 80.92 23.85 67.96
6 23-07-15-08:45 23.20 83.59 23.36 80.82 23.32 67.87
6 23-07-15-10:46 22.52 83.47 22.62 80.68 22.66 67.69
6 23-07-15-12:46 22.08 83.34 22.22 80.57 22.23 67.54
6 23-07-15-14:46 21.85 83.30 21.97 80.53 21.99 67.45
6 23-07-15-16:46 21.73 83.25 21.85 80.47 21.90 67.36
6 23-07-15-18:46 21.77 83.25 21.87 80.46 21.89 67.34
6 23-07-15-20:46 21.84 83.23 21.97 80.44 22.00 67.27
6 23-07-15-22:46 22.09 83.28 22.24 80.48 22.24 67.30
6 23-07-16-00:46 22.59 83.38 22.69 80.53 22.75 67.37
6 23-07-16-02:46 23.00 83.45 23.14 80.64 23.17 67.44
6 23-07-16-04:46 23.40 83.54 23.49 80.73 23.54 67.51
6 23-07-16-06:47 23.68 83.60 23.77 80.79 23.87 67.50
6 23-07-16-08:47 23.28 83.52 23.39 80.69 23.39 67.31
6 23-07-16-10:47 22.56 83.34 22.68 80.54 22.66 67.15
6 23-07-16-12:47 22.12 83.21 22.27 80.45 22.28 66.95
6 23-07-16-14:47 21.91 83.18 22.00 80.40 22.01 66.82
6 23-07-16-16:47 21.78 83.14 21.88 80.34 21.94 66.71
6 23-07-16-18:47 21.82 83.12 21.91 80.34 21.97 66.66
6 23-07-16-20:47 21.88 83.14 22.00 80.31 22.04 66.60
6 23-07-16-22:47 22.13 83.18 22.27 80.39 22.33 66.65
6 23-07-17-00:48 22.59 83.22 22.70 80.43 22.76 66.70
6 23-07-17-02:48 23.03 83.31 23.14 80.50 23.23 66.85
6 23-07-17-04:48 23.40 83.37 23.52 80.57 23.57 66.89
6 23-07-17-06:48 23.68 83.43 23.78 80.62 23.84 66.96
6 23-07-17-08:48 23.21 83.32 23.33 80.52 23.32 66.76
6 23-07-17-10:48 22.46 83.18 22.59 80.42 22.59 66.54
6 23-07-17-12:48 22.02 83.07 22.12 80.28 22.17 66.41
6 23-07-17-14:48 21.82 83.03 21.95 80.22 22.01 66.33
6 23-07-17-16:48 21.81 83.02 21.94 80.20 21.97 66.27
6 23-07-17-18:48 21.88 83.01 22.03 80.22 22.06 66.20
6 23-07-17-20:49 22.01 83.02 22.11 80.19 22.18 66.16
6 23-07-17-22:49 22.27 83.02 22.39 80.22 22.44 66.12
6 23-07-18-00:49 22.70 83.13 22.86 80.30 22.89 66.18
6 23-07-18-02:49 23.13 83.19 23.26 80.34 23.33 66.27
6 23-07-18-04:49 23.51 83.27 23.60 80.42 23.70 66.36
6 23-07-18-06:49 23.69 83.31 23.80 80.41 23.81 66.40
6 23-07-18-08:49 22.94 83.16 23.10 80.31 23.12 66.16
6 23-07-18-10:49 22.39 83.02 22.51 80.17 22.56 66.04
6 23-07-18-12:49 22.09 82.93 22.21 80.11 22.27 65.96
6 23-07-18-14:50 21.97 82.92 22.08 80.06 22.15 65.89
6 23-07-18-16:50 21.85 82.87 21.98 80.04 22.04 65.86
6 23-07-18-18:50 21.89 82.86 21.98 79.98 22.04 65.82
6 23-07-18-20:50 21.87 82.84 22.00 79.97 22.03 65.83
6 23-07-18-22:50 22.07 82.87 22.19 79.98 22.28 65.94
6 23-07-19-00:50 22.63 82.96 22.70 80.07 22.78 66.03
6 23-07-19-02:50 23.10 83.04 23.20 80.16 23.27 66.23
6 23-07-19-04:50 23.51 83.14 23.64 80.23 23.70 66.43
6 23-07-19-06:50 23.26 83.06 23.40 80.16 23.40 66.44
6 23-07-19-08:50 22.59 82.89 22.72 80.01 22.74 66.34
6 23-07-19-10:51 22.15 82.80 22.27 79.94 22.30 66.26
6 23-07-19-12:51 21.98 82.78 22.09 79.87 22.11 66.28
6 23-07-19-14:51 21.88 82.72 22.03 79.83 22.07 66.26
6 23-07-19-16:51 21.85 82.66 21.97 79.83 22.03 66.27
6 23-07-19-18:51 21.89 82.69 21.98 79.79 22.06 66.25
6 23-07-19-20:51 21.94 82.65 22.07 79.79 22.11 66.23
6 23-07-19-22:51 22.22 82.71 22.34 79.84 22.40 66.30
6 23-07-20-00:51 22.72 82.77 22.85 79.92 22.86 66.42
6 23-07-20-02:51 23.20 82.89 23.29 80.00 23.34 66.58
6 23-07-20-04:51 23.57 82.97 23.70 80.08 23.74 66.78
6 23-07-20-06:52 23.31 82.93 23.44 80.01 23.46 66.69
6 23-07-20-08:52 22.66 82.75 22.78 79.90 22.80 66.61
6 23-07-20-10:52 22.18 82.65 22.34 79.75 22.35 66.47
6 23-07-20-12:52 21.97 82.58 22.09 79.75 22.11 66.44
6 23-07-20-14:52 21.84 82.54 21.94 79.67 22.01 66.46
6 23-07-20-16:52 21.78 82.55 21.91 79.65 22.00 66.45
6 23-07-20-18:52 21.89 82.54 22.01 79.65 22.04 66.43
6 23-07-20-20:52 21.95 82.52 22.04 79.64 22.13 66.49
6 23-07-20-22:52 22.20 82.57 22.31 79.66 22.38 66.57
6 23-07-21-00:53 22.72 82.64 22.83 79.77 22.88 66.72
6 23-07-21-02:53 23.17 82.73 23.29 79.86 23.34 66.84
6 23-07-21-04:53 23.57 82.86 23.68 79.94 23.74 67.03
6 23-07-21-06:53 23.53 82.79 23.63 79.95 23.64 67.10
6 23-07-21-08:53 22.77 82.66 22.92 79.77 22.92 66.99
6 23-07-21-10:53 22.31 82.56 22.41 79.67 22.44 66.92
6 23-07-21-12:53 22.01 82.49 22.15 79.60 22.17 66.85
6 23-07-21-14:53 21.81 82.41 21.94 79.57 21.99 66.81
6 23-07-21-16:53 21.78 82.39 21.90 79.53 21.96 66.79
6 23-07-21-18:53 21.81 82.37 21.98 79.56 22.04 66.82
6 23-07-21-20:54 21.91 82.41 22.04 79.54 22.06 66.80
6 23-07-21-22:54 21.97 82.38 22.08 79.55 22.14 66.76
6 23-07-22-00:54 22.46 82.46 22.58 79.62 22.64 66.92
6 23-07-22-02:54 22.97 82.56 23.10 79.69 23.16 67.08
6 23-07-22-04:54 23.44 82.65 23.57 79.84 23.58 67.17
6 23-07-22-06:54 23.40 82.64 23.52 79.78 23.54 67.19
6 23-07-22-08:54 22.73 82.52 22.88 79.67 22.85 67.06
6 23-07-22-10:54 22.23 82.39 22.35 79.57 22.43 67.02
6 23-07-22-12:54 22.01 82.32 22.14 79.50 22.17 66.90
6 23-07-22-14:55 21.81 82.25 21.94 79.44 21.99 66.82
6 23-07-22-16:55 21.80 82.25 21.93 79.44 21.94 66.81
6 23-07-22-18:55 21.78 82.22 21.91 79.41 21.97 66.78
6 23-07-22-20:55 21.87 82.25 22.00 79.39 21.99 66.75
6 23-07-22-22:55 22.19 82.28 22.28 79.46 22.35 66.81
6 23-07-23-00:55 22.76 82.41 22.86 79.56 22.89 66.99
6 23-07-23-02:55 23.27 82.47 23.42 79.62 23.44 67.12
6 23-07-23-04:55 23.47 82.53 23.57 79.69 23.58 67.19
6 23-07-23-06:55 22.99 82.44 23.13 79.61 23.16 67.15
6 23-07-23-08:55 22.70 82.36 22.83 79.53 22.82 67.06
6 23-07-23-10:56 22.35 82.27 22.44 79.47 22.50 66.97
6 23-07-23-12:56 22.08 82.19 22.21 79.40 22.23 66.88
6 23-07-23-14:56 21.91 82.16 22.05 79.37 22.08 66.86
6 23-07-23-16:56 21.88 82.12 21.98 79.35 22.04 66.85
6 23-07-23-18:56 21.89 82.13 22.03 79.31 22.07 66.80
6 23-07-23-20:56 21.85 82.09 21.97 79.30 22.01 66.81
6 23-07-23-22:56 22.16 82.14 22.29 79.36 22.35 66.87
6 23-07-24-00:56 22.79 82.25 22.92 79.45 22.95 67.00
6 23-07-24-02:56 23.38 82.36 23.49 79.55 23.54 67.22
6 23-07-24-04:57 23.33 82.38 23.44 79.58 23.49 67.18
6 23-07-24-06:57 22.93 82.28 23.06 79.48 23.12 67.17
6 23-07-24-08:57 22.74 82.22 22.88 79.46 22.88 67.14
6 23-07-24-10:57 22.40 82.14 22.54 79.38 22.56 67.07
6 23-07-24-12:57 22.27 82.12 22.39 79.34 22.43 67.01
6 23-07-24-14:57 22.12 82.07 22.27 79.31 22.28 66.92
6 23-07-24-16:57 22.01 82.02 22.12 79.27 22.15 66.87
6 23-07-24-18:57 21.95 82.02 22.03 79.21 22.10 66.90
6 23-07-24-20:57 21.92 81.97 22.04 79.20 22.07 66.82
6 23-07-24-22:57 22.25 82.02 22.38 79.26 22.45 66.96
6 23-07-25-00:58 22.93 82.15 23.05 79.40 23.10 67.12
6 23-07-25-02:58 23.20 82.22 23.27 79.39 23.30 67.21
6 23-07-25-04:58 22.87 82.11 23.00 79.35 23.01 67.14
6 23-07-25-06:58 23.13 82.20 23.23 79.41 23.30 67.27
6 23-07-25-08:58 23.06 82.20 23.19 79.39 23.17 67.24
6 23-07-25-10:58 22.58 82.06 22.70 79.29 22.74 67.17
6 23-07-25-12:58 22.50 82.06 22.62 79.28 22.69 67.13
6 23-07-25-14:58 22.72 82.04 22.83 79.31 22.89 67.17
6 23-07-25-16:58 22.73 82.05 22.85 79.31 22.88 67.21
6 23-07-25-18:58 22.55 82.03 22.70 79.27 22.74 67.15
6 23-07-25-20:59 22.34 81.97 22.49 79.21 22.54 67.12
6 23-07-25-22:59 22.64 81.97 22.79 79.28 22.83 67.26
6 23-07-26-00:59 23.33 82.13 23.44 79.37 23.49 67.43
6 23-07-26-02:59 23.00 82.04 23.14 79.30 23.16 67.39
6 23-07-26-04:59 22.92 82.01 23.05 79.32 23.14 67.45
6 23-07-26-06:59 23.43 82.13 23.57 79.41 23.60 67.60
6 23-07-26-08:59 23.03 82.05 23.16 79.30 23.14 67.53
6 23-07-26-10:59 22.59 81.94 22.73 79.23 22.76 67.45
6 23-07-26-12:59 22.45 81.90 22.58 79.20 22.65 67.40
6 23-07-26-15:00 22.50 81.88 22.66 79.20 22.68 67.39
6 23-07-26-17:00 22.36 81.85 22.47 79.14 22.51 67.34
6 23-07-26-19:00 22.16 81.76 22.29 79.07 22.31 67.26
6 23-07-26-21:00 22.09 81.78 22.19 79.04 22.24 67.21
6 23-07-26-23:00 22.46 81.84 22.55 79.11 22.61 67.24
6 23-07-27-01:00 23.13 81.96 23.24 79.22 23.30 67.37
6 23-07-27-03:00 23.13 81.93 23.24 79.22 23.26 67.34
6 23-07-27-05:00 22.86 81.85 23.02 79.18 23.06 67.30
6 23-07-27-07:00 23.37 81.98 23.50 79.29 23.54 67.43
6 23-07-27-09:00 23.23 81.93 23.36 79.26 23.33 67.38
6 23-07-27-11:01 22.89 81.90 23.03 79.19 23.05 67.28
6 23-07-27-13:01 22.69 81.82 22.83 79.16 22.83 67.19
6 23-07-27-15:01 22.40 81.73 22.54 79.08 22.55 67.07
6 23-07-27-17:01 22.22 81.68 22.34 79.01 22.38 67.05
6 23-07-27-19:01 22.15 81.64 22.24 78.95 22.28 66.96
6 23-07-27-21:01 22.18 81.61 22.25 78.92 22.30 66.93
6 23-07-27-23:01 22.56 81.69 22.66 79.05 22.71 67.00
6 23-07-28-01:01 23.21 81.83 23.34 79.16 23.37 67.14
6 23-07-28-03:01 23.23 81.85 23.34 79.14 23.34 67.13
6 23-07-28-05:02 23.28 81.86 23.42 79.16 23.47 67.18
6 23-07-28-07:02 23.68 81.96 23.77 79.22 23.80 67.26
6 23-07-28-09:02 23.09 81.79 23.20 79.13 23.20 67.07
6 23-07-28-11:02 22.62 81.66 22.72 79.03 22.75 66.90
6 23-07-28-13:02 22.38 81.62 22.51 78.95 22.52 66.83
6 23-07-28-15:02 22.28 81.59 22.41 78.93 22.43 66.74
6 23-07-28-17:02 22.27 81.58 22.38 78.89 22.43 66.69
6 23-07-28-19:02 22.27 81.56 22.32 78.84 22.38 66.64
6 23-07-28-21:02 22.23 81.54 22.34 78.84 22.40 66.63
6 23-07-28-23:02 22.36 81.51 22.48 78.85 22.55 66.68
6 23-07-29-01:03 22.96 81.64 23.07 79.00 23.12 66.81
6 23-07-29-03:03 23.37 81.73 23.52 79.05 23.50 66.95
6 23-07-29-05:03 23.24 81.70 23.36 79.02 23.42 66.97
6 23-07-29-07:03 23.58 81.79 23.71 79.10 23.71 67.09
6 23-07-29-09:03 22.97 81.66 23.07 78.96 23.07 66.92
6 23-07-29-11:03 22.43 81.49 22.56 78.80 22.59 66.82
6 23-07-29-13:03 22.23 81.44 22.38 78.78 22.40 66.85
6 23-07-29-15:03 22.28 81.43 22.39 78.76 22.40 66.80
6 23-07-29-17:03 22.27 81.41 22.34 78.73 22.40 66.80
6 23-07-29-19:04 22.22 81.39 22.35 78.70 22.37 66.77
6 23-07-29-21:04 22.23 81.38 22.35 78.71 22.35 66.79
6 23-07-29-23:04 22.56 81.41 22.68 78.78 22.71 66.89
6 23-07-30-01:04 23.16 81.62 23.26 78.90 23.30 67.06
6 23-07-30-03:04 23.37 81.60 23.49 78.90 23.47 67.14
6 23-07-30-05:04 23.26 81.60 23.36 78.92 23.42 67.15
6 23-07-30-07:04 23.61 81.67 23.73 78.97 23.74 67.31
6 23-07-30-09:04 23.02 81.53 23.13 78.83 23.14 67.18
6 23-07-30-11:04 22.49 81.40 22.62 78.71 22.64 67.03
6 23-07-30-13:04 22.28 81.34 22.38 78.66 22.41 66.95
6 23-07-30-15:05 22.28 81.31 22.35 78.64 22.40 66.91
6 23-07-30-17:05 22.31 81.33 22.42 78.64 22.44 66.95
6 23-07-30-19:05 22.23 81.26 22.34 78.62 22.37 66.88
6 23-07-30-21:05 22.18 81.28 22.29 78.55 22.34 66.90
6 23-07-30-23:05 22.53 81.33 22.62 78.66 22.71 66.97
6 23-07-31-01:05 23.11 81.41 23.22 78.74 23.26 67.15
6 23-07-31-03:05 23.40 81.49 23.52 78.81 23.54 67.26
6 23-07-31-05:05 23.23 81.43 23.34 78.79 23.37 67.31
6 23-07-31-07:05 23.58 81.54 23.70 78.84 23.75 67.50
6 23-07-31-09:05 23.23 81.45 23.29 78.75 23.30 67.42
6 23-07-31-11:06 22.64 81.33 22.80 78.70 22.79 67.28
6 23-07-31-13:06 22.35 81.28 22.49 78.59 22.50 67.21
