6 23-03-28-14:00 19.06 100.00 19.11 100.00 19.10 100.00
6 23-03-28-16:00 19.14 100.00 19.21 100.00 19.18 100.00
6 23-03-28-18:00 19.24 100.00 19.30 100.00 19.30 100.00
6 23-03-28-20:00 19.23 100.00 19.29 100.00 19.26 100.00
6 23-03-28-22:00 19.17 100.00 19.26 100.00 19.24 100.00
6 23-03-29-00:00 19.20 100.00 19.25 100.00 19.26 100.00
6 23-03-29-02:00 19.20 100.00 19.26 100.00 19.24 100.00
6 23-03-29-04:01 19.20 100.00 19.23 100.00 19.23 100.00
6 23-03-29-06:01 19.13 100.00 19.22 100.00 19.16 100.00
6 23-03-29-08:01 19.13 100.00 19.21 100.00 19.21 100.00
6 23-03-29-10:01 19.20 100.00 19.25 100.00 19.24 100.00
