6 23-08-28-11:28 25.00 79.28 25.09 76.93 25.10 65.12
6 23-08-28-13:28 25.11 79.27 25.23 76.92 25.22 65.14
6 23-08-28-15:28 25.27 79.28 25.38 76.96 25.42 65.14
6 23-08-28-17:28 25.40 79.26 25.55 76.93 25.55 65.14
6 23-08-28-19:28 25.57 79.30 25.68 76.95 25.69 65.15
6 23-08-28-21:28 25.64 79.35 25.74 76.94 25.75 65.08
6 23-08-28-23:28 25.67 79.33 25.84 77.00 25.86 65.09
6 23-08-29-01:29 25.70 79.34 25.78 76.94 25.81 65.07
6 23-08-29-03:29 25.54 79.29 25.68 76.95 25.65 64.98
6 23-08-29-05:29 25.27 79.25 25.40 76.90 25.40 64.85
6 23-08-29-07:29 24.97 79.17 25.12 76.79 25.11 64.74
6 23-08-29-09:29 24.79 79.11 24.92 76.72 24.93 64.57
6 23-08-29-11:29 24.77 79.09 24.89 76.72 24.93 64.55
6 23-08-29-13:29 24.97 79.09 25.14 76.75 25.14 64.50
6 23-08-29-15:29 25.23 79.13 25.36 76.73 25.37 64.56
6 23-08-29-17:29 25.40 79.15 25.54 76.77 25.57 64.62
6 23-08-29-19:30 25.61 79.14 25.71 76.79 25.76 64.67
6 23-08-29-21:30 25.70 79.19 25.84 76.84 25.83 64.63
6 23-08-29-23:30 25.71 79.21 25.84 76.80 25.85 64.64
6 23-08-30-01:30 25.58 79.20 25.71 76.78 25.75 64.61
6 23-08-30-03:30 25.36 79.12 25.44 76.70 25.48 64.52
6 23-08-30-05:30 25.00 79.04 25.16 76.61 25.14 64.49
6 23-08-30-07:30 24.79 78.99 24.90 76.55 24.94 64.40
6 23-08-30-09:30 24.55 78.89 24.68 76.46 24.70 64.30
6 23-08-30-11:30 24.62 78.89 24.72 76.50 24.77 64.26
6 23-08-30-13:30 24.89 78.92 24.99 76.48 25.00 64.30
6 23-08-30-15:31 25.13 78.94 25.27 76.54 25.25 64.32
6 23-08-30-17:31 25.37 78.99 25.50 76.57 25.52 64.38
6 23-08-30-19:31 25.54 79.01 25.68 76.60 25.72 64.46
6 23-08-30-21:31 25.61 79.06 25.71 76.60 25.72 64.50
6 23-08-30-23:31 25.67 79.06 25.78 76.63 25.78 64.56
6 23-08-31-01:31 25.72 79.07 25.83 76.62 25.88 64.61
6 23-08-31-03:31 25.80 79.08 25.91 76.62 25.93 64.64
6 23-08-31-05:31 25.75 79.08 25.87 76.62 25.88 64.66
6 23-08-31-07:31 25.54 78.96 25.64 76.57 25.68 64.64
6 23-08-31-09:31 25.24 78.94 25.30 76.50 25.35 64.51
6 23-08-31-11:32 25.07 78.88 25.19 76.43 25.21 64.46
6 23-08-31-13:32 25.16 78.85 25.26 76.45 25.25 64.43
6 23-08-31-15:32 25.26 78.87 25.40 76.42 25.42 64.50
6 23-08-31-17:32 25.40 78.92 25.53 76.45 25.57 64.46
6 23-08-31-19:32 25.61 78.94 25.71 76.47 25.72 64.41
6 23-08-31-21:32 25.70 78.95 25.78 76.50 25.83 64.32
6 23-08-31-23:32 25.78 78.96 25.88 76.48 25.93 64.26
6 23-09-01-01:32 25.78 78.96 25.87 76.51 25.92 64.10
6 23-09-01-03:32 25.65 78.94 25.77 76.48 25.79 64.01
6 23-09-01-05:33 25.48 78.92 25.60 76.42 25.62 63.80
6 23-09-01-07:33 25.20 78.81 25.34 76.38 25.35 63.58
6 23-09-01-09:33 25.02 78.78 25.12 76.28 25.11 63.44
6 23-09-01-11:33 25.05 78.74 25.13 76.26 25.15 63.33
6 23-09-01-13:33 25.27 78.80 25.37 76.29 25.45 63.27
6 23-09-01-15:33 25.52 78.81 25.68 76.35 25.68 63.30
6 23-09-01-17:33 25.78 78.85 25.88 76.39 25.92 63.32
6 23-09-01-19:33 25.98 78.90 26.08 76.42 26.13 63.33
6 23-09-01-21:33 26.08 78.90 26.17 76.43 26.17 63.34
6 23-09-01-23:33 26.18 78.91 26.31 76.46 26.31 63.33
6 23-09-02-01:34 26.29 78.94 26.38 76.49 26.41 63.44
6 23-09-02-03:34 26.21 78.95 26.34 76.46 26.37 63.42
6 23-09-02-05:34 26.04 78.92 26.15 76.40 26.16 63.37
6 23-09-02-07:34 25.77 78.82 25.88 76.38 25.91 63.30
6 23-09-02-09:34 25.48 78.79 25.58 76.28 25.62 63.25
6 23-09-02-11:34 25.58 78.82 25.70 76.26 25.76 63.27
6 23-09-02-13:34 25.89 78.84 25.98 76.32 26.04 63.37
6 23-09-02-15:34 26.18 78.88 26.25 76.32 26.30 63.49
6 23-09-02-17:34 26.34 78.90 26.43 76.38 26.44 63.59
6 23-09-02-19:35 26.49 78.92 26.59 76.42 26.60 63.71
6 23-09-02-21:35 26.55 78.96 26.66 76.41 26.65 63.83
6 23-09-02-23:35 26.78 79.02 26.87 76.47 26.90 63.98
6 23-09-03-01:35 26.91 79.07 27.00 76.51 27.03 64.05
6 23-09-03-03:35 26.89 79.02 26.99 76.56 27.02 64.07
6 23-09-03-05:35 26.73 79.05 26.86 76.50 26.87 64.01
6 23-09-03-07:35 26.43 78.97 26.50 76.43 26.52 63.86
6 23-09-03-09:35 26.02 78.90 26.17 76.37 26.17 63.72
6 23-09-03-11:35 25.94 78.83 26.07 76.33 26.09 63.61
6 23-09-03-13:35 26.11 78.83 26.22 76.33 26.24 63.58
6 23-09-03-15:36 26.34 78.87 26.42 76.35 26.47 63.53
6 23-09-03-17:36 26.59 78.92 26.66 76.38 26.68 63.56
6 23-09-03-19:36 26.78 78.99 26.87 76.40 26.87 63.55
6 23-09-03-21:36 26.83 78.97 26.96 76.44 26.97 63.56
6 23-09-03-23:36 27.06 79.02 27.17 76.49 27.21 63.63
6 23-09-04-01:36 27.13 79.04 27.27 76.53 27.30 63.65
6 23-09-04-03:36 27.14 79.07 27.26 76.51 27.28 63.69
6 23-09-04-05:36 26.99 79.03 27.14 76.51 27.13 63.72
6 23-09-04-07:36 26.96 79.02 27.04 76.47 27.03 63.83
6 23-09-04-09:37 26.68 78.94 26.75 76.39 26.73 63.72
6 23-09-04-11:37 26.59 78.91 26.69 76.36 26.71 63.76
6 23-09-04-13:37 26.66 78.95 26.78 76.37 26.82 63.88
6 23-09-04-15:37 26.78 78.93 26.87 76.37 26.88 63.95
6 23-09-04-17:37 26.82 78.93 26.93 76.39 26.94 64.03
6 23-09-04-19:37 26.87 78.93 26.99 76.37 26.98 64.12
6 23-09-04-21:37 26.73 78.88 26.89 76.34 26.85 64.15
6 23-09-04-23:37 26.58 78.83 26.72 76.31 26.73 64.18
6 23-09-05-01:37 26.46 78.80 26.58 76.26 26.61 64.14
6 23-09-05-03:37 26.22 78.74 26.36 76.22 26.37 64.10
6 23-09-05-05:38 25.96 78.68 26.08 76.10 26.10 64.03
6 23-09-05-07:38 25.64 78.57 25.77 76.01 25.79 63.95
6 23-09-05-09:38 25.37 78.49 25.50 75.97 25.52 63.87
6 23-09-05-11:38 25.21 78.37 25.30 75.85 25.34 63.80
6 23-09-05-13:38 24.93 78.34 25.06 75.77 25.04 63.69
6 23-09-05-15:38 24.59 78.20 24.78 75.68 24.73 63.58
6 23-09-05-17:38 24.40 78.11 24.54 75.57 24.58 63.45
6 23-09-05-19:38 24.23 78.07 24.35 75.50 24.40 63.36
6 23-09-05-21:38 23.98 77.96 24.11 75.41 24.11 63.20
6 23-09-05-23:39 23.69 77.88 23.80 75.26 23.87 63.02
6 23-09-06-01:39 23.87 77.88 23.98 75.28 24.02 62.95
6 23-09-06-03:39 24.00 77.84 24.12 75.29 24.16 62.86
6 23-09-06-05:39 24.02 77.81 24.15 75.25 24.21 62.74
6 23-09-06-07:39 24.01 77.82 24.15 75.23 24.16 62.62
6 23-09-06-09:39 23.95 77.77 24.09 75.20 24.11 62.46
6 23-09-06-11:39 23.87 77.70 24.03 75.18 24.02 62.34
6 23-09-06-13:39 23.84 77.70 23.97 75.12 23.98 62.20
6 23-09-06-15:39 24.02 77.71 24.15 75.12 24.16 62.14
6 23-09-06-17:39 24.21 77.73 24.32 75.15 24.35 62.06
6 23-09-06-19:40 24.33 77.75 24.47 75.16 24.45 61.99
6 23-09-06-21:40 24.16 77.68 24.28 75.11 24.32 61.88
6 23-09-06-23:40 23.87 77.61 23.97 75.00 23.98 61.70
6 23-09-07-01:40 23.51 77.50 23.63 74.92 23.61 61.46
6 23-09-07-03:40 23.53 77.50 23.68 74.92 23.71 61.45
6 23-09-07-05:40 23.71 77.51 23.87 74.92 23.88 61.39
6 23-09-07-07:40 23.88 77.51 24.01 74.91 24.02 61.34
6 23-09-07-09:40 23.82 77.46 23.93 74.87 23.95 61.26
6 23-09-07-11:40 23.64 77.44 23.78 74.79 23.80 61.15
6 23-09-07-13:40 23.92 77.45 24.04 74.82 24.09 61.17
6 23-09-07-15:41 24.31 77.52 24.39 74.88 24.46 61.19
6 23-09-07-17:41 24.59 77.57 24.69 74.94 24.72 61.26
6 23-09-07-19:41 24.80 77.63 24.90 74.99 24.91 61.28
6 23-09-07-21:41 24.89 77.65 24.99 75.00 25.00 61.33
6 23-09-07-23:41 24.82 77.63 24.87 74.95 24.90 61.29
6 23-09-08-01:41 24.52 77.55 24.65 74.91 24.69 61.27
6 23-09-08-03:41 24.32 77.49 24.43 74.80 24.46 61.23
6 23-09-08-05:41 24.01 77.38 24.09 74.75 24.11 61.15
6 23-09-08-07:41 23.71 77.30 23.83 74.63 23.87 61.08
