6 23-08-18-12:04 24.66 80.16 24.79 77.69 24.83 64.36
6 23-08-18-14:04 25.06 80.24 25.17 77.74 25.18 64.38
6 23-08-18-16:04 25.50 80.31 25.58 77.83 25.64 64.49
6 23-08-18-18:04 25.85 80.41 25.97 77.90 25.97 64.65
6 23-08-18-20:05 26.15 80.47 26.27 77.98 26.27 64.86
6 23-08-18-22:05 26.24 80.53 26.35 78.01 26.37 65.00
6 23-08-19-00:05 26.45 80.61 26.52 78.07 26.57 65.24
6 23-08-19-02:05 26.59 80.64 26.70 78.14 26.74 65.48
6 23-08-19-04:05 26.53 80.62 26.66 78.13 26.68 65.63
6 23-08-19-06:05 26.46 80.62 26.58 78.12 26.60 65.83
6 23-08-19-08:05 26.25 80.61 26.35 78.07 26.33 65.95
6 23-08-19-10:05 25.89 80.52 26.01 78.00 26.03 65.98
6 23-08-19-12:05 25.80 80.49 25.89 77.95 25.92 66.06
6 23-08-19-14:05 25.75 80.45 25.87 77.93 25.88 66.18
6 23-08-19-16:06 25.67 80.42 25.75 77.90 25.78 66.16
6 23-08-19-18:06 25.60 80.37 25.71 77.88 25.71 66.16
6 23-08-19-20:06 25.50 80.33 25.61 77.84 25.62 66.14
6 23-08-19-22:06 25.36 80.29 25.50 77.79 25.49 66.05
6 23-08-20-00:06 25.11 80.20 25.23 77.73 25.20 65.89
6 23-08-20-02:06 24.82 80.14 24.93 77.64 24.94 65.67
6 23-08-20-04:06 24.63 80.06 24.75 77.56 24.74 65.43
6 23-08-20-06:06 24.43 80.00 24.54 77.47 24.56 65.26
6 23-08-20-08:06 24.23 79.92 24.35 77.44 24.38 65.03
6 23-08-20-10:06 24.04 79.85 24.17 77.39 24.15 64.81
6 23-08-20-12:07 23.85 79.77 23.98 77.28 24.01 64.60
6 23-08-20-14:07 23.68 79.73 23.81 77.25 23.81 64.45
6 23-08-20-16:07 23.64 79.68 23.77 77.19 23.75 64.28
6 23-08-20-18:07 23.57 79.62 23.67 77.13 23.70 64.16
6 23-08-20-20:07 23.51 79.57 23.64 77.09 23.67 64.10
6 23-08-20-22:07 23.47 79.54 23.60 77.05 23.65 64.04
6 23-08-21-00:07 23.65 79.58 23.78 77.04 23.77 64.05
6 23-08-21-02:07 23.46 79.52 23.58 76.97 23.60 63.97
6 23-08-21-04:07 23.27 79.40 23.40 76.93 23.44 63.89
6 23-08-21-06:08 23.18 79.35 23.33 76.86 23.36 63.85
6 23-08-21-08:08 23.20 79.36 23.34 76.86 23.36 63.86
6 23-08-21-10:08 23.14 79.34 23.24 76.80 23.23 63.78
6 23-08-21-12:08 23.10 79.30 23.22 76.77 23.23 63.76
6 23-08-21-14:08 23.20 79.27 23.30 76.76 23.32 63.76
6 23-08-21-16:08 23.48 79.35 23.58 76.79 23.65 63.83
6 23-08-21-18:08 23.78 79.37 23.91 76.83 23.94 63.94
6 23-08-21-20:08 23.94 79.42 24.07 76.86 24.07 64.05
6 23-08-21-22:08 23.97 79.42 24.07 76.81 24.12 64.12
6 23-08-22-00:08 24.04 79.40 24.15 76.80 24.18 64.20
6 23-08-22-02:09 23.98 79.38 24.08 76.80 24.15 64.30
6 23-08-22-04:09 23.95 79.38 24.07 76.80 24.11 64.45
6 23-08-22-06:09 23.98 79.37 24.08 76.81 24.12 64.58
6 23-08-22-08:09 23.95 79.35 24.11 76.78 24.11 64.71
6 23-08-22-10:09 23.89 79.32 24.00 76.75 24.01 64.75
6 23-08-22-12:09 24.01 79.32 24.15 76.76 24.18 64.94
6 23-08-22-14:09 24.23 79.35 24.38 76.81 24.38 65.13
6 23-08-22-16:09 24.55 79.42 24.65 76.83 24.69 65.33
6 23-08-22-18:09 24.82 79.45 24.94 76.91 24.97 65.61
6 23-08-22-20:10 25.07 79.51 25.17 76.96 25.18 65.84
6 23-08-22-22:10 25.14 79.57 25.27 76.98 25.28 66.09
6 23-08-23-00:10 25.21 79.57 25.33 77.04 25.32 66.34
6 23-08-23-02:10 25.21 79.57 25.32 77.03 25.32 66.52
6 23-08-23-04:10 25.21 79.60 25.34 77.05 25.32 66.71
6 23-08-23-06:10 25.20 79.57 25.30 77.06 25.35 66.92
6 23-08-23-08:10 25.06 79.54 25.17 77.05 25.18 67.05
6 23-08-23-10:10 24.91 79.50 25.03 77.02 25.06 67.19
6 23-08-23-12:10 24.96 79.52 25.07 77.02 25.10 67.33
6 23-08-23-14:10 25.06 79.54 25.14 77.06 25.15 67.49
6 23-08-23-16:11 25.26 79.55 25.36 77.11 25.37 67.73
6 23-08-23-18:11 25.60 79.63 25.74 77.21 25.73 67.95
6 23-08-23-20:11 25.78 79.69 25.91 77.27 25.92 68.10
6 23-08-23-22:11 25.82 79.72 25.91 77.25 25.92 68.25
6 23-08-24-00:11 25.91 79.73 26.04 77.36 26.03 68.45
6 23-08-24-02:11 25.92 79.75 26.05 77.39 26.06 68.52
6 23-08-24-04:11 25.78 79.71 25.92 77.38 25.93 68.57
6 23-08-24-06:11 25.61 79.73 25.75 77.39 25.78 68.57
6 23-08-24-08:11 25.37 79.63 25.47 77.34 25.49 68.48
6 23-08-24-10:12 25.21 79.62 25.33 77.30 25.32 68.44
6 23-08-24-12:12 25.34 79.64 25.44 77.35 25.48 68.47
6 23-08-24-14:12 25.55 79.64 25.67 77.38 25.71 68.51
6 23-08-24-16:12 25.70 79.67 25.84 77.47 25.85 68.56
6 23-08-24-18:12 25.94 79.72 26.02 77.49 26.04 68.64
6 23-08-24-20:12 26.05 79.79 26.14 77.54 26.13 68.68
6 23-08-24-22:12 25.99 79.82 26.07 77.55 26.06 68.68
6 23-08-25-00:12 25.80 79.76 25.94 77.59 25.97 68.65
6 23-08-25-02:12 25.65 79.70 25.77 77.54 25.79 68.58
6 23-08-25-04:12 25.45 79.66 25.60 77.52 25.60 68.48
6 23-08-25-06:13 25.20 79.62 25.33 77.48 25.35 68.37
6 23-08-25-08:13 24.89 79.52 25.02 77.39 25.00 68.24
6 23-08-25-10:13 24.62 79.48 24.76 77.36 24.73 68.10
6 23-08-25-12:13 24.73 68.10 24.76 77.33 24.74 68.04
6 23-08-25-14:13 -45.00 100.00 24.85 77.32 24.83 68.01
6 23-08-25-16:13 24.79 79.46 24.93 77.35 24.91 67.94
6 23-08-25-18:13 24.91 79.46 25.05 77.37 25.04 67.86
6 23-08-25-20:13 24.94 79.47 25.07 77.40 25.04 67.71
6 23-08-25-22:13 24.89 79.45 25.03 77.34 25.00 67.57
6 23-08-26-00:13 24.67 79.41 24.82 77.29 24.80 67.35
6 23-08-26-02:14 24.42 79.37 24.52 77.20 24.52 67.10
6 23-08-26-04:14 24.05 79.24 24.22 77.14 24.23 66.81
6 23-08-26-06:14 23.78 79.16 23.91 77.06 23.94 66.59
6 23-08-26-08:14 23.77 79.13 23.89 77.04 23.94 66.43
6 23-08-26-10:14 23.61 79.06 23.73 76.96 23.75 66.26
6 23-08-26-12:14 23.64 79.05 23.78 76.96 23.81 66.10
6 23-08-26-14:14 23.94 79.12 24.04 76.99 24.09 66.03
6 23-08-26-16:14 24.25 79.18 24.36 77.02 24.39 66.02
6 23-08-26-18:14 24.49 79.22 24.60 77.02 24.66 65.97
6 23-08-26-20:15 24.69 79.25 24.79 77.07 24.79 65.92
6 23-08-26-22:15 24.66 79.25 24.80 77.08 24.79 65.83
6 23-08-27-00:15 24.52 79.21 24.68 77.04 24.66 65.71
6 23-08-27-02:15 24.40 79.20 24.51 77.01 24.53 65.56
6 23-08-27-04:15 24.29 79.14 24.42 76.97 24.43 65.47
6 23-08-27-06:15 24.18 79.12 24.29 76.91 24.36 65.34
6 23-08-27-08:15 24.02 79.05 24.19 76.87 24.21 65.21
6 23-08-27-10:15 24.01 79.05 24.12 76.83 24.16 65.11
6 23-08-27-12:15 24.25 79.08 24.36 76.83 24.40 65.17
6 23-08-27-14:15 24.60 79.12 24.75 76.92 24.74 65.20
6 23-08-27-16:16 24.93 79.19 25.05 76.94 25.07 65.28
6 23-08-27-18:16 25.20 79.23 25.30 76.99 25.34 65.31
6 23-08-27-20:16 25.40 79.31 25.51 77.00 25.51 65.36
6 23-08-27-22:16 25.61 79.39 25.73 77.07 25.73 65.41
6 23-08-28-00:16 25.81 79.43 25.92 77.14 25.95 65.50
6 23-08-28-02:16 25.91 79.46 26.05 77.16 26.03 65.55
6 23-08-28-04:16 25.71 79.42 25.83 77.11 25.85 65.44
6 23-08-28-06:16 25.45 79.39 25.58 77.07 25.62 65.33
6 23-08-28-08:16 25.13 79.31 25.29 77.02 25.28 65.26
