6 24-01-04-11:50 18.02 55.43 18.18 51.13 18.19 38.04
6 24-01-04-13:50 17.97 55.42 18.11 51.09 18.15 37.99
6 24-01-04-15:50 18.04 55.44 18.21 51.08 18.23 37.97
6 24-01-04-17:50 18.13 55.44 18.30 51.09 18.31 38.02
6 24-01-04-19:50 18.05 55.42 18.20 51.04 18.21 37.96
6 24-01-04-21:50 17.88 55.36 18.06 50.99 18.08 37.96
6 24-01-04-23:50 17.87 55.29 18.03 51.00 18.04 37.88
6 24-01-05-01:50 17.82 55.33 17.99 50.96 18.05 37.93
6 24-01-05-03:50 17.81 55.29 17.94 50.99 17.98 37.87
6 24-01-05-05:51 17.73 55.22 17.87 50.90 17.94 37.82
6 24-01-05-07:51 17.70 55.21 17.84 50.86 17.90 37.83
6 24-01-05-09:51 17.71 55.19 17.83 50.83 17.87 37.84
6 24-01-05-11:51 17.77 55.21 17.92 50.85 17.96 37.82
6 24-01-05-13:51 17.95 55.20 18.11 50.84 18.15 37.81
6 24-01-05-15:51 18.09 55.23 18.23 50.89 18.24 37.90
6 24-01-05-17:51 18.09 55.22 18.26 50.87 18.28 37.83
6 24-01-05-19:51 18.11 55.20 18.27 50.87 18.28 37.86
6 24-01-05-21:51 18.05 55.17 18.23 50.82 18.25 37.82
6 24-01-05-23:51 18.05 55.20 18.24 50.85 18.24 37.80
6 24-01-06-01:52 18.04 55.17 18.21 50.83 18.23 37.80
6 24-01-06-03:52 18.01 55.12 18.18 50.82 18.21 37.77
6 24-01-06-05:52 17.97 55.12 18.16 50.79 18.15 37.77
6 24-01-06-07:52 17.91 55.08 18.08 50.77 18.12 37.75
6 24-01-06-09:52 17.89 55.04 18.07 50.74 18.08 37.74
6 24-01-06-11:52 17.87 55.04 18.00 50.71 18.05 37.70
6 24-01-06-13:52 17.84 55.00 17.96 50.70 18.01 37.69
6 24-01-06-15:52 17.78 55.01 17.93 50.63 17.97 37.70
6 24-01-06-17:52 17.76 54.97 17.92 50.63 17.96 37.69
6 24-01-06-19:52 17.81 54.98 17.93 50.64 18.00 37.67
6 24-01-06-21:53 17.98 54.96 18.13 50.68 18.14 37.67
6 24-01-06-23:53 18.02 54.96 18.17 50.67 18.19 37.74
6 24-01-07-01:53 18.01 54.96 18.17 50.64 18.23 37.68
6 24-01-07-03:53 17.98 54.91 18.14 50.68 18.18 37.64
6 24-01-07-05:53 17.94 54.92 18.04 50.55 18.12 37.65
6 24-01-07-07:53 17.87 54.92 18.03 50.58 18.04 37.63
6 24-01-07-09:53 17.82 54.86 17.99 50.56 18.01 37.63
6 24-01-07-11:53 17.77 54.83 17.96 50.49 17.97 37.64
6 24-01-07-13:53 17.76 54.84 17.90 50.49 17.96 37.55
6 24-01-07-15:54 17.70 54.78 17.82 50.47 17.93 37.52
6 24-01-07-17:54 17.70 54.76 17.82 50.45 17.88 37.51
6 24-01-07-19:54 17.67 54.81 17.83 50.42 17.86 37.55
6 24-01-07-21:54 17.74 54.75 17.89 50.44 17.91 37.48
6 24-01-07-23:54 17.80 54.77 17.96 50.40 18.00 37.52
6 24-01-08-01:54 17.80 54.72 17.93 50.37 17.98 37.50
6 24-01-08-03:54 17.74 54.69 17.92 50.36 17.94 37.50
6 24-01-08-05:54 17.71 54.69 17.83 50.32 17.88 37.45
6 24-01-08-07:54 17.67 54.66 17.83 50.33 17.87 37.41
6 24-01-08-09:54 17.63 54.62 17.72 50.29 17.78 37.39
6 24-01-08-11:55 17.57 54.59 17.69 50.30 17.78 37.40
6 24-01-08-13:55 17.63 54.61 17.76 50.26 17.83 37.39
6 24-01-08-15:55 17.74 54.59 17.89 50.24 17.93 37.40
6 24-01-08-17:55 17.74 54.59 17.93 50.25 17.96 37.39
6 24-01-08-19:55 17.74 54.55 17.89 50.27 17.96 37.34
6 24-01-08-21:55 17.68 54.54 17.86 50.24 17.91 37.36
6 24-01-08-23:55 17.64 54.54 17.79 50.22 17.81 37.36
6 24-01-09-01:55 17.57 54.49 17.74 50.16 17.78 37.28
6 24-01-09-03:55 17.51 54.45 17.66 50.17 17.70 37.27
6 24-01-09-05:55 17.44 54.46 17.61 50.12 17.65 37.26
6 24-01-09-07:56 17.34 54.42 17.49 50.06 17.53 37.18
6 24-01-09-09:56 16.90 54.33 17.02 49.94 17.08 37.09
6 24-01-09-11:56 16.60 54.22 16.71 49.87 16.78 37.00
6 24-01-09-13:56 16.47 54.13 16.63 49.81 16.67 36.93
6 24-01-09-15:56 16.36 54.07 16.51 49.74 16.60 36.87
6 24-01-09-17:56 16.31 54.02 16.47 49.71 16.54 36.84
6 24-01-09-19:56 16.21 53.99 16.36 49.66 16.40 36.83
6 24-01-09-21:56 16.19 53.97 16.30 49.59 16.36 36.81
6 24-01-09-23:56 16.39 53.95 16.51 49.63 16.58 36.86
6 24-01-10-01:57 16.56 53.97 16.74 49.62 16.82 36.92
6 24-01-10-03:57 16.70 53.95 16.84 49.63 16.94 36.93
6 24-01-10-05:57 16.78 53.96 16.92 49.64 16.96 36.90
6 24-01-10-07:57 16.80 53.96 16.95 49.62 17.01 36.89
6 24-01-10-09:57 16.66 53.94 16.81 49.58 16.87 36.83
6 24-01-10-11:57 16.59 53.85 16.72 49.50 16.78 36.80
6 24-01-10-13:57 16.47 53.77 16.61 49.49 16.67 36.74
