6 23-12-11-16:11 17.63 59.37 17.74 54.74 17.78 39.77
6 23-12-11-18:11 17.50 59.32 17.66 54.68 17.69 39.68
6 23-12-11-20:11 17.34 59.31 17.50 54.63 17.53 39.65
6 23-12-11-22:11 17.34 59.23 17.48 54.57 17.52 39.68
6 23-12-12-00:11 17.56 59.24 17.68 54.60 17.73 39.70
6 23-12-12-02:11 17.77 59.30 17.89 54.61 17.94 39.70
6 23-12-12-04:11 17.87 59.29 18.03 54.61 18.04 39.68
6 23-12-12-06:11 17.89 59.29 18.08 54.62 18.09 39.70
6 23-12-12-08:11 17.84 59.26 17.96 54.59 17.97 39.66
6 23-12-12-10:11 17.46 59.16 17.59 54.51 17.62 39.53
6 23-12-12-12:12 17.17 59.13 17.33 54.41 17.37 39.43
6 23-12-12-14:12 17.12 59.05 17.22 54.38 17.30 39.41
6 23-12-12-16:12 17.00 59.01 17.17 54.31 17.16 39.40
6 23-12-12-18:12 16.90 58.94 17.04 54.26 17.09 39.32
6 23-12-12-20:12 16.84 58.90 17.01 54.16 17.04 39.32
6 23-12-12-22:12 16.84 58.90 16.99 54.22 17.05 39.23
6 23-12-13-00:12 17.06 58.90 17.18 54.20 17.22 39.28
6 23-12-13-02:12 17.22 58.89 17.35 54.20 17.39 39.29
6 23-12-13-04:12 17.24 58.88 17.38 54.20 17.46 39.32
6 23-12-13-06:12 17.29 58.87 17.41 54.18 17.46 39.28
6 23-12-13-08:13 17.14 58.81 17.29 54.13 17.35 39.25
6 23-12-13-10:13 17.05 58.80 17.19 54.07 17.25 39.18
6 23-12-13-12:13 17.09 58.79 17.23 54.05 17.29 39.21
6 23-12-13-14:13 17.16 58.78 17.31 54.08 17.35 39.23
6 23-12-13-16:13 17.23 58.78 17.38 54.06 17.43 39.18
6 23-12-13-18:13 17.27 58.75 17.39 54.02 17.49 39.19
6 23-12-13-20:13 17.31 58.74 17.42 54.04 17.47 39.14
6 23-12-13-22:13 17.34 58.74 17.49 54.00 17.54 39.18
6 23-12-14-00:13 17.43 58.75 17.56 54.06 17.60 39.20
6 23-12-14-02:14 17.56 58.74 17.69 54.06 17.73 39.23
6 23-12-14-04:14 17.56 58.74 17.68 54.01 17.74 39.21
6 23-12-14-06:14 17.61 58.73 17.74 54.05 17.81 39.26
6 23-12-14-08:14 17.67 58.77 17.79 53.97 17.83 39.27
6 23-12-14-10:14 17.60 58.72 17.74 54.00 17.77 39.20
6 23-12-14-12:14 17.60 58.71 17.74 54.00 17.77 39.22
6 23-12-14-14:14 17.70 58.71 17.80 53.97 17.87 39.21
6 23-12-14-16:14 17.73 58.73 17.89 53.98 17.96 39.30
6 23-12-14-18:14 17.81 58.67 17.93 54.00 17.98 39.30
6 23-12-14-20:14 17.80 58.70 17.97 53.97 18.00 39.30
6 23-12-14-22:15 17.87 58.69 18.04 53.99 18.05 39.33
6 23-12-15-00:15 18.04 58.70 18.18 54.00 18.23 39.40
6 23-12-15-02:15 18.13 58.71 18.30 54.01 18.31 39.44
6 23-12-15-04:15 18.24 58.72 18.40 54.02 18.42 39.49
6 23-12-15-06:15 18.27 58.76 18.38 54.06 18.41 39.55
6 23-12-15-08:15 18.19 58.71 18.36 54.04 18.35 39.50
6 23-12-15-10:15 18.04 58.68 18.21 53.99 18.24 39.53
6 23-12-15-12:15 17.89 58.63 18.06 54.00 18.11 39.48
6 23-12-15-14:15 17.80 58.65 17.93 53.88 17.97 39.49
6 23-12-15-16:15 17.77 58.61 17.92 53.89 17.98 39.53
6 23-12-15-18:16 17.70 58.56 17.86 53.85 17.88 39.53
6 23-12-15-20:16 17.67 58.57 17.77 53.84 17.83 39.54
6 23-12-15-22:16 17.56 58.50 17.66 53.81 17.74 39.53
6 23-12-16-00:16 17.64 58.46 17.77 53.80 17.84 39.60
6 23-12-16-02:16 17.80 58.48 17.96 53.80 18.01 39.63
6 23-12-16-04:16 17.92 58.52 18.07 53.80 18.09 39.69
6 23-12-16-06:16 17.91 58.51 18.08 53.82 18.11 39.72
6 23-12-16-08:16 17.77 58.44 17.92 53.74 17.90 39.69
6 23-12-16-10:16 17.31 58.36 17.45 53.65 17.50 39.62
6 23-12-16-12:16 17.17 58.29 17.33 53.60 17.36 39.54
6 23-12-16-14:17 17.09 58.26 17.23 53.59 17.30 39.51
6 23-12-16-16:17 17.14 58.29 17.28 53.57 17.33 39.52
6 23-12-16-18:17 17.17 58.20 17.31 53.53 17.39 39.47
6 23-12-16-20:17 17.17 58.20 17.31 53.53 17.39 39.44
6 23-12-16-22:17 17.29 58.18 17.42 53.56 17.47 39.51
6 23-12-17-00:17 17.53 58.22 17.68 53.53 17.74 39.55
6 23-12-17-02:17 17.77 58.27 17.90 53.59 17.96 39.59
6 23-12-17-04:17 17.88 58.26 18.01 53.61 18.08 39.59
6 23-12-17-06:17 17.97 58.26 18.11 53.62 18.17 39.54
6 23-12-17-08:18 17.99 58.27 18.16 53.64 18.17 39.61
6 23-12-17-10:18 17.89 58.27 18.07 53.59 18.07 39.56
6 23-12-17-12:18 17.78 58.24 17.97 53.57 18.00 39.51
6 23-12-17-14:18 17.80 58.21 17.96 53.58 18.00 39.55
6 23-12-17-16:18 17.76 58.21 17.90 53.52 17.98 39.49
6 23-12-17-18:18 17.64 58.14 17.77 53.51 17.80 39.49
6 23-12-17-20:18 17.46 58.11 17.59 53.47 17.65 39.40
6 23-12-17-22:18 17.38 58.06 17.49 53.41 17.56 39.36
6 23-12-18-00:18 17.54 58.08 17.69 53.45 17.76 39.36
6 23-12-18-02:18 17.76 58.09 17.90 53.44 17.94 39.42
6 23-12-18-04:19 17.85 58.10 17.97 53.50 18.03 39.43
6 23-12-18-06:19 17.87 58.09 18.01 53.42 18.04 39.40
6 23-12-18-08:19 17.73 58.07 17.89 53.43 17.91 39.42
6 23-12-18-10:19 17.43 57.97 17.56 53.36 17.62 39.28
6 23-12-18-12:19 17.19 57.90 17.35 53.31 17.39 39.22
6 23-12-18-14:19 17.10 57.88 17.25 53.26 17.28 39.15
6 23-12-18-16:19 17.06 57.83 17.21 53.22 17.23 39.10
6 23-12-18-18:19 17.03 57.84 17.19 53.18 17.22 39.02
6 23-12-18-20:19 17.02 57.78 17.17 53.20 17.21 39.05
6 23-12-18-22:19 17.03 57.77 17.19 53.18 17.23 38.98
6 23-12-19-00:20 17.26 57.81 17.39 53.18 17.46 39.04
6 23-12-19-02:20 17.38 57.78 17.52 53.20 17.60 39.03
6 23-12-19-04:20 17.43 57.80 17.59 53.19 17.66 39.02
6 23-12-19-06:20 17.40 57.75 17.57 53.16 17.63 38.96
6 23-12-19-08:20 17.33 57.73 17.49 53.15 17.54 38.94
6 23-12-19-10:20 17.20 57.69 17.35 53.11 17.37 38.84
6 23-12-19-12:20 17.13 57.67 17.28 53.04 17.35 38.84
6 23-12-19-14:20 17.13 57.64 17.28 53.07 17.36 38.83
6 23-12-19-16:20 17.19 57.63 17.33 53.03 17.40 38.82
6 23-12-19-18:21 17.27 57.63 17.41 53.05 17.49 38.79
6 23-12-19-20:21 17.31 57.64 17.43 53.04 17.47 38.79
6 23-12-19-22:21 17.34 57.59 17.49 53.03 17.54 38.83
6 23-12-20-00:21 17.60 57.68 17.68 53.05 17.76 38.82
6 23-12-20-02:21 17.71 57.65 17.86 53.10 17.91 38.90
6 23-12-20-04:21 17.76 57.67 17.87 53.08 17.93 38.84
6 23-12-20-06:21 17.78 57.65 17.92 53.11 17.98 38.89
6 23-12-20-08:21 17.78 57.65 17.92 53.10 17.96 38.90
6 23-12-20-10:21 17.54 57.62 17.69 53.04 17.74 38.82
6 23-12-20-12:21 17.40 57.60 17.54 53.01 17.60 38.76
6 23-12-20-14:22 17.34 57.54 17.49 52.98 17.52 38.71
6 23-12-20-16:22 17.34 57.52 17.50 52.95 17.56 38.73
6 23-12-20-18:22 17.37 57.53 17.50 52.91 17.54 38.73
6 23-12-20-20:22 17.37 57.49 17.50 52.87 17.54 38.70
6 23-12-20-22:22 17.43 57.48 17.57 52.87 17.62 38.75
6 23-12-21-00:22 17.67 57.51 17.79 52.96 17.84 38.79
6 23-12-21-02:22 17.88 57.55 18.01 52.97 18.03 38.78
6 23-12-21-04:22 17.97 57.57 18.14 53.00 18.19 38.84
6 23-12-21-06:22 18.08 57.57 18.21 53.01 18.24 38.87
6 23-12-21-08:22 18.05 57.60 18.23 53.01 18.25 38.87
6 23-12-21-10:23 17.88 57.53 18.07 52.98 18.12 38.81
6 23-12-21-12:23 17.80 57.54 17.93 52.93 17.98 38.84
6 23-12-21-14:23 17.76 57.50 17.92 52.96 17.97 38.82
6 23-12-21-16:23 17.84 57.49 17.97 52.91 18.04 38.81
6 23-12-21-18:23 17.89 57.51 18.01 52.94 18.09 38.80
6 23-12-21-20:23 17.89 57.49 18.06 52.90 18.09 38.86
6 23-12-21-22:23 17.95 57.52 18.11 52.91 18.14 38.86
6 23-12-22-00:23 18.18 57.55 18.33 52.96 18.35 38.90
6 23-12-22-02:23 18.35 57.54 18.47 53.03 18.51 38.90
6 23-12-22-04:24 18.45 57.59 18.54 53.01 18.60 38.99
6 23-12-22-06:24 18.48 57.61 18.62 53.01 18.69 38.95
6 23-12-22-08:24 18.46 57.59 18.58 53.00 18.65 39.01
6 23-12-22-10:24 18.28 57.58 18.43 52.97 18.44 39.00
6 23-12-22-12:24 18.18 57.53 18.30 52.96 18.35 38.99
6 23-12-22-14:24 18.24 57.49 18.36 52.96 18.37 38.97
6 23-12-22-16:24 18.33 57.52 18.48 52.96 18.52 38.96
6 23-12-22-18:24 18.39 57.53 18.54 52.99 18.56 38.97
6 23-12-22-20:24 18.41 57.52 18.54 52.95 18.55 39.03
6 23-12-22-22:24 18.46 57.52 18.58 52.94 18.63 39.01
6 23-12-23-00:25 18.63 57.57 18.78 53.01 18.85 39.06
6 23-12-23-02:25 18.76 57.61 18.95 53.03 18.96 39.16
6 23-12-23-04:25 18.87 57.61 19.02 53.05 19.07 39.20
6 23-12-23-06:25 18.93 57.64 19.11 53.07 19.14 39.19
6 23-12-23-08:25 19.03 57.67 19.13 53.08 19.18 39.26
6 23-12-23-10:25 19.11 57.68 19.23 53.11 19.28 39.27
6 23-12-23-12:25 19.11 57.71 19.29 53.13 19.33 39.29
6 23-12-23-14:25 19.16 57.67 19.32 53.14 19.38 39.38
6 23-12-23-16:25 19.23 57.72 19.36 53.19 19.45 39.41
6 23-12-23-18:25 19.30 57.75 19.42 53.14 19.51 39.46
6 23-12-23-20:26 19.37 57.77 19.52 53.20 19.57 39.46
6 23-12-23-22:26 19.41 57.74 19.53 53.21 19.60 39.51
6 23-12-24-00:26 19.41 57.74 19.53 53.23 19.62 39.53
6 23-12-24-02:26 19.41 57.78 19.57 53.20 19.64 39.54
6 23-12-24-04:26 19.46 57.76 19.60 53.23 19.64 39.57
6 23-12-24-06:26 19.47 57.78 19.57 53.26 19.68 39.64
6 23-12-24-08:26 19.41 57.76 19.56 53.22 19.64 39.60
6 23-12-24-10:26 19.44 57.75 19.60 53.23 19.64 39.60
6 23-12-24-12:26 19.40 57.75 19.53 53.24 19.61 39.64
6 23-12-24-14:27 19.40 57.76 19.52 53.24 19.58 39.62
6 23-12-24-16:27 19.38 57.73 19.50 53.19 19.54 39.59
6 23-12-24-18:27 19.35 57.71 19.48 53.20 19.54 39.59
6 23-12-24-20:27 19.31 57.69 19.45 53.17 19.50 39.56
6 23-12-24-22:27 19.31 57.67 19.40 53.16 19.47 39.58
6 23-12-25-00:27 19.26 57.69 19.37 53.14 19.41 39.52
6 23-12-25-02:27 19.17 57.64 19.33 53.15 19.37 39.46
6 23-12-25-04:27 19.10 57.61 19.27 53.12 19.31 39.50
6 23-12-25-06:27 19.05 57.61 19.18 53.11 19.23 39.41
6 23-12-25-08:27 18.96 57.57 19.12 53.04 19.16 39.40
6 23-12-25-10:28 18.89 57.54 19.02 53.01 19.07 39.32
6 23-12-25-12:28 18.77 57.48 18.94 52.99 19.00 39.29
6 23-12-25-14:28 18.75 57.48 18.85 52.95 18.92 39.22
6 23-12-25-16:28 18.65 57.41 18.82 52.95 18.85 39.16
6 23-12-25-18:28 18.63 57.42 18.75 52.88 18.82 39.09
6 23-12-25-20:28 18.55 57.38 18.71 52.89 18.75 39.04
6 23-12-25-22:28 18.51 57.34 18.65 52.84 18.72 39.00
6 23-12-26-00:28 18.48 57.32 18.62 52.83 18.65 38.99
6 23-12-26-02:28 18.43 57.30 18.54 52.78 18.56 38.94
6 23-12-26-04:28 18.35 57.25 18.50 52.77 18.52 38.91
6 23-12-26-06:29 18.32 57.19 18.47 52.73 18.48 38.82
6 23-12-26-08:29 18.29 57.16 18.44 52.71 18.46 38.79
6 23-12-26-10:29 18.29 57.14 18.43 52.66 18.46 38.77
6 23-12-26-12:29 18.31 57.16 18.43 52.66 18.45 38.72
6 23-12-26-14:29 18.32 57.15 18.46 52.61 18.45 38.73
6 23-12-26-16:29 18.29 57.09 18.46 52.63 18.46 38.74
6 23-12-26-18:29 18.32 57.08 18.44 52.58 18.48 38.68
6 23-12-26-20:29 18.32 57.03 18.46 52.59 18.49 38.66
6 23-12-26-22:29 18.35 57.09 18.46 52.57 18.48 38.62
6 23-12-27-00:30 18.32 57.02 18.46 52.53 18.48 38.64
6 23-12-27-02:30 18.31 57.00 18.43 52.55 18.46 38.61
6 23-12-27-04:30 18.29 56.96 18.41 52.51 18.44 38.61
6 23-12-27-06:30 18.27 56.95 18.40 52.44 18.46 38.61
6 23-12-27-08:30 18.25 56.95 18.40 52.45 18.41 38.58
6 23-12-27-10:30 18.22 56.90 18.38 52.43 18.39 38.50
6 23-12-27-12:30 18.24 56.86 18.40 52.42 18.41 38.55
6 23-12-27-14:30 18.22 56.90 18.37 52.37 18.41 38.52
6 23-12-27-16:30 18.22 56.87 18.38 52.40 18.41 38.54
6 23-12-27-18:30 18.25 56.82 18.38 52.34 18.44 38.48
6 23-12-27-20:31 18.28 56.87 18.43 52.38 18.45 38.55
6 23-12-27-22:31 18.29 56.83 18.43 52.34 18.46 38.51
6 23-12-28-00:31 18.29 56.78 18.46 52.33 18.49 38.49
6 23-12-28-02:31 18.32 56.77 18.47 52.34 18.51 38.47
6 23-12-28-04:31 18.33 56.82 18.48 52.33 18.51 38.50
6 23-12-28-06:31 18.33 56.78 18.50 52.28 18.54 38.55
6 23-12-28-08:31 18.35 56.75 18.46 52.27 18.52 38.46
6 23-12-28-10:31 18.31 56.75 18.44 52.28 18.46 38.47
6 23-12-28-12:31 18.27 56.72 18.41 52.26 18.41 38.48
6 23-12-28-14:32 18.24 56.66 18.38 52.21 18.39 38.46
6 23-12-28-16:32 18.19 56.70 18.36 52.22 18.38 38.48
6 23-12-28-18:32 18.36 56.67 18.54 52.22 18.55 38.53
6 23-12-28-20:32 18.52 56.66 18.67 52.22 18.67 38.53
6 23-12-28-22:32 18.60 56.75 18.71 52.27 18.76 38.55
6 23-12-29-00:32 18.59 56.70 18.74 52.28 18.79 38.54
6 23-12-29-02:32 18.66 56.67 18.75 52.25 18.85 38.54
6 23-12-29-04:32 18.67 56.70 18.78 52.22 18.83 38.58
6 23-12-29-06:32 18.63 56.67 18.78 52.23 18.82 38.54
6 23-12-29-08:32 18.60 56.67 18.74 52.22 18.77 38.61
6 23-12-29-10:33 18.58 56.67 18.71 52.19 18.77 38.54
6 23-12-29-12:33 18.58 56.63 18.72 52.16 18.75 38.52
6 23-12-29-14:33 18.58 56.66 18.68 52.19 18.76 38.54
6 23-12-29-16:33 18.58 56.62 18.74 52.14 18.75 38.53
6 23-12-29-18:33 18.58 56.57 18.71 52.19 18.79 38.52
6 23-12-29-20:33 18.60 56.59 18.72 52.13 18.80 38.54
6 23-12-29-22:33 18.59 56.57 18.74 52.12 18.79 38.55
6 23-12-30-00:33 18.62 56.53 18.75 52.10 18.80 38.48
6 23-12-30-02:33 18.65 56.56 18.78 52.09 18.86 38.57
6 23-12-30-04:33 18.69 56.56 18.81 52.11 18.87 38.57
6 23-12-30-06:34 18.65 56.59 18.78 52.10 18.85 38.53
6 23-12-30-08:34 18.60 56.59 18.75 52.08 18.82 38.55
6 23-12-30-10:34 18.56 56.49 18.72 52.07 18.76 38.54
6 23-12-30-12:34 18.51 56.48 18.67 52.02 18.67 38.49
6 23-12-30-14:34 18.46 56.45 18.59 52.00 18.60 38.48
6 23-12-30-16:34 18.41 56.44 18.55 51.99 18.59 38.53
6 23-12-30-18:34 18.41 56.39 18.54 51.94 18.59 38.51
6 23-12-30-20:34 18.41 56.39 18.51 51.93 18.54 38.47
6 23-12-30-22:34 18.38 56.39 18.48 51.88 18.54 38.47
6 23-12-31-00:35 18.35 56.33 18.48 51.91 18.54 38.46
6 23-12-31-02:35 18.33 56.32 18.46 51.89 18.48 38.46
6 23-12-31-04:35 18.31 56.29 18.43 51.86 18.44 38.39
6 23-12-31-06:35 18.19 56.23 18.37 51.81 18.37 38.40
6 23-12-31-08:35 18.24 56.24 18.38 51.80 18.42 38.42
6 23-12-31-10:35 18.38 56.23 18.48 51.82 18.52 38.42
6 23-12-31-12:35 18.36 56.22 18.50 51.83 18.55 38.43
6 23-12-31-14:35 18.33 56.22 18.48 51.78 18.51 38.40
6 23-12-31-16:35 18.29 56.23 18.44 51.76 18.48 38.36
6 23-12-31-18:35 18.31 56.21 18.44 51.74 18.46 38.33
6 23-12-31-20:36 18.31 56.18 18.44 51.76 18.45 38.33
6 23-12-31-22:36 18.28 56.14 18.40 51.74 18.44 38.33
6 24-01-01-00:36 18.24 56.14 18.38 51.74 18.42 38.30
6 24-01-01-02:36 18.22 56.10 18.37 51.68 18.38 38.28
6 24-01-01-04:36 18.16 56.08 18.30 51.67 18.38 38.25
6 24-01-01-06:36 18.13 56.08 18.26 51.66 18.27 38.25
6 24-01-01-08:36 18.04 56.01 18.17 51.60 18.19 38.19
6 24-01-01-10:36 18.01 55.97 18.16 51.60 18.19 38.21
6 24-01-01-12:36 18.11 56.00 18.26 51.57 18.29 38.22
6 24-01-01-14:37 18.15 55.97 18.30 51.58 18.35 38.19
6 24-01-01-16:37 18.16 55.99 18.31 51.54 18.34 38.18
6 24-01-01-18:37 18.18 55.96 18.34 51.56 18.37 38.18
6 24-01-01-20:37 18.25 55.97 18.36 51.55 18.39 38.13
6 24-01-01-22:37 18.25 55.93 18.40 51.55 18.42 38.14
6 24-01-02-00:37 18.24 55.94 18.38 51.52 18.42 38.14
6 24-01-02-02:37 18.28 55.93 18.41 51.49 18.42 38.13
6 24-01-02-04:37 18.25 55.95 18.40 51.52 18.42 38.07
6 24-01-02-06:37 18.21 55.86 18.36 51.50 18.39 38.08
6 24-01-02-08:37 18.22 55.87 18.37 51.49 18.41 38.07
6 24-01-02-10:38 18.18 55.84 18.36 51.45 18.37 38.04
6 24-01-02-12:38 18.21 55.82 18.36 51.45 18.35 38.05
6 24-01-02-14:38 18.16 55.80 18.34 51.43 18.34 38.06
6 24-01-02-16:38 18.18 55.84 18.36 51.45 18.38 38.08
6 24-01-02-18:38 18.21 55.80 18.40 51.43 18.41 38.04
6 24-01-02-20:38 18.19 55.75 18.37 51.40 18.39 38.01
6 24-01-02-22:38 18.22 55.73 18.34 51.42 18.38 37.98
6 24-01-03-00:38 18.19 55.75 18.31 51.35 18.34 38.02
6 24-01-03-02:38 18.21 55.73 18.37 51.35 18.39 37.97
6 24-01-03-04:38 18.32 55.73 18.44 51.34 18.49 38.05
6 24-01-03-06:39 18.33 55.71 18.46 51.35 18.46 38.03
6 24-01-03-08:39 18.29 55.70 18.43 51.32 18.48 38.06
6 24-01-03-10:39 18.27 55.68 18.46 51.31 18.45 37.99
6 24-01-03-12:39 18.29 55.67 18.43 51.29 18.46 38.02
6 24-01-03-14:39 18.27 55.67 18.40 51.29 18.44 38.07
6 24-01-03-16:39 18.21 55.64 18.37 51.27 18.37 38.00
6 24-01-03-18:39 18.13 55.62 18.30 51.25 18.32 38.05
6 24-01-03-20:39 18.08 55.57 18.23 51.22 18.25 38.00
6 24-01-03-22:39 18.09 55.59 18.24 51.22 18.27 38.03
6 24-01-04-00:40 18.19 55.59 18.33 51.20 18.38 38.05
6 24-01-04-02:40 18.21 55.53 18.37 51.18 18.38 38.07
6 24-01-04-04:40 18.18 55.54 18.36 51.19 18.35 38.07
6 24-01-04-06:40 18.13 55.54 18.28 51.17 18.31 38.05
6 24-01-04-08:40 18.07 55.53 18.23 51.10 18.27 38.04
