6 23-12-05-11:01 18.33 60.64 18.48 55.92 18.51 40.27
6 23-12-05-13:01 18.21 60.59 18.36 55.83 18.39 40.22
6 23-12-05-15:01 18.35 60.61 18.51 55.85 18.52 40.23
6 23-12-05-17:01 18.39 60.61 18.54 55.88 18.56 40.26
6 23-12-05-19:01 18.38 60.61 18.51 55.85 18.51 40.23
6 23-12-05-21:02 18.35 60.57 18.48 55.80 18.48 40.26
6 23-12-05-23:02 18.46 60.59 18.61 55.81 18.66 40.27
6 23-12-06-01:02 18.65 60.59 18.79 55.86 18.86 40.36
6 23-12-06-03:02 18.82 60.64 18.89 55.86 18.96 40.35
6 23-12-06-05:02 18.87 60.61 19.02 55.89 19.07 40.46
6 23-12-06-07:02 18.92 60.62 19.05 55.92 19.09 40.42
6 23-12-06-09:02 18.93 60.63 19.02 55.89 19.09 40.44
6 23-12-06-11:02 18.99 60.63 19.15 55.91 19.17 40.50
6 23-12-06-13:02 19.14 60.67 19.27 55.89 19.34 40.54
6 23-12-06-15:03 19.33 60.68 19.48 55.95 19.54 40.56
6 23-12-06-17:03 19.46 60.76 19.60 55.99 19.65 40.60
6 23-12-06-19:03 19.51 60.75 19.67 56.02 19.71 40.61
6 23-12-06-21:03 19.57 60.76 19.72 56.02 19.74 40.69
6 23-12-06-23:03 19.65 60.79 19.81 56.03 19.81 40.69
6 23-12-07-01:03 19.80 60.77 19.91 56.06 19.97 40.78
6 23-12-07-03:03 19.89 60.81 20.03 56.13 20.09 40.86
6 23-12-07-05:03 19.96 60.85 20.14 56.16 20.17 40.94
6 23-12-07-07:03 20.01 60.88 20.17 56.15 20.20 41.06
6 23-12-07-09:03 19.85 60.86 20.01 56.11 20.05 41.05
6 23-12-07-11:04 19.61 60.81 19.76 56.07 19.81 41.08
6 23-12-07-13:04 19.57 60.81 19.72 56.07 19.79 41.06
6 23-12-07-15:04 19.72 60.79 19.88 56.10 19.92 41.17
6 23-12-07-17:04 19.78 60.80 19.90 56.11 19.95 41.15
6 23-12-07-19:04 19.74 60.75 19.88 56.03 19.92 41.25
6 23-12-07-21:04 19.70 60.78 19.80 56.05 19.86 41.24
6 23-12-07-23:04 19.82 60.76 19.96 56.11 20.00 41.34
6 23-12-08-01:04 20.02 60.86 20.16 56.14 20.19 41.40
6 23-12-08-03:04 20.16 60.86 20.29 56.14 20.35 41.48
6 23-12-08-05:05 20.26 60.85 20.39 56.20 20.46 41.47
6 23-12-08-07:05 20.32 60.87 20.44 56.19 20.51 41.59
6 23-12-08-09:05 20.12 60.84 20.28 56.19 20.32 41.46
6 23-12-08-11:05 19.85 60.74 20.03 56.12 20.06 41.53
6 23-12-08-13:05 19.67 60.73 19.83 56.06 19.88 41.52
6 23-12-08-15:05 19.48 60.69 19.63 56.00 19.69 41.42
6 23-12-08-17:05 19.37 60.60 19.49 55.95 19.55 41.41
6 23-12-08-19:05 19.27 60.61 19.40 55.90 19.47 41.40
6 23-12-08-21:05 19.14 60.54 19.27 55.86 19.34 41.33
6 23-12-08-23:05 19.07 60.51 19.23 55.82 19.27 41.36
6 23-12-09-01:06 19.30 60.49 19.43 55.85 19.48 41.39
6 23-12-09-03:06 19.42 60.48 19.56 55.87 19.61 41.43
6 23-12-09-05:06 19.51 60.51 19.64 55.85 19.72 41.47
6 23-12-09-07:06 19.56 60.54 19.69 55.85 19.74 41.51
6 23-12-09-09:06 19.31 60.43 19.49 55.80 19.51 41.45
6 23-12-09-11:06 18.93 60.40 19.09 55.72 19.14 41.33
6 23-12-09-13:06 18.63 60.27 18.78 55.63 18.83 41.26
6 23-12-09-15:06 18.46 60.25 18.62 55.59 18.66 41.20
6 23-12-09-17:06 18.35 60.18 18.51 55.54 18.49 41.10
6 23-12-09-19:07 18.19 60.09 18.36 55.46 18.37 40.99
6 23-12-09-21:07 18.04 60.01 18.20 55.40 18.18 40.96
6 23-12-09-23:07 18.12 60.02 18.30 55.38 18.28 40.93
6 23-12-10-01:07 18.32 60.00 18.44 55.36 18.48 40.93
6 23-12-10-03:07 18.45 60.01 18.61 55.40 18.63 40.93
6 23-12-10-05:07 18.52 60.01 18.65 55.34 18.66 40.86
6 23-12-10-07:07 18.48 59.99 18.64 55.33 18.67 40.79
6 23-12-10-09:07 18.12 59.91 18.27 55.22 18.28 40.63
6 23-12-10-11:07 17.77 59.80 17.94 55.17 17.98 40.54
6 23-12-10-13:07 17.61 59.75 17.74 55.07 17.78 40.41
6 23-12-10-15:08 17.53 59.67 17.65 55.03 17.72 40.33
6 23-12-10-17:08 17.50 59.61 17.65 54.99 17.70 40.22
6 23-12-10-19:08 17.46 59.57 17.57 54.97 17.66 40.23
6 23-12-10-21:08 17.37 59.55 17.50 54.91 17.57 40.07
6 23-12-10-23:08 17.48 59.55 17.62 54.89 17.70 40.12
6 23-12-11-01:08 17.68 59.56 17.80 54.90 17.86 40.10
6 23-12-11-03:08 17.82 59.54 17.96 54.93 18.01 40.03
6 23-12-11-05:08 17.92 59.55 18.06 54.94 18.09 40.03
6 23-12-11-07:08 17.95 59.55 18.13 54.89 18.14 40.03
6 23-12-11-09:08 17.80 59.48 17.99 54.86 18.00 39.93
6 23-12-11-11:09 17.71 59.44 17.84 54.79 17.91 39.90
