6 23-11-09-17:50 19.24 65.96 19.37 61.81 19.42 46.87
6 23-11-09-19:50 19.14 65.89 19.29 61.81 19.33 46.81
6 23-11-09-21:50 19.11 65.87 19.22 61.80 19.30 46.72
6 23-11-09-23:50 19.21 65.93 19.33 61.76 19.41 46.67
6 23-11-10-01:51 19.31 65.92 19.45 61.77 19.51 46.63
6 23-11-10-03:51 19.35 65.87 19.49 61.75 19.53 46.59
6 23-11-10-05:51 19.33 65.89 19.49 61.73 19.53 46.53
6 23-11-10-07:51 19.24 65.87 19.42 61.73 19.45 46.45
6 23-11-10-09:51 19.06 65.79 19.18 61.64 19.24 46.30
6 23-11-10-11:51 18.99 65.75 19.13 61.63 19.23 46.22
6 23-11-10-13:51 19.10 65.74 19.21 61.63 19.30 46.20
6 23-11-10-15:51 19.17 65.73 19.30 61.62 19.37 46.14
6 23-11-10-17:51 19.17 65.76 19.32 61.61 19.35 46.09
6 23-11-10-19:51 19.13 65.71 19.26 61.57 19.31 46.02
6 23-11-10-21:52 19.03 65.67 19.16 61.52 19.21 45.94
6 23-11-10-23:52 19.06 65.66 19.22 61.55 19.26 45.91
6 23-11-11-01:52 19.21 65.65 19.34 61.57 19.39 45.88
6 23-11-11-03:52 19.31 65.71 19.43 61.54 19.48 45.83
6 23-11-11-05:52 19.34 65.67 19.46 61.55 19.51 45.80
6 23-11-11-07:52 19.26 65.65 19.37 61.52 19.44 45.74
6 23-11-11-09:52 18.87 65.58 19.03 61.46 19.09 45.57
6 23-11-11-11:52 18.72 65.49 18.87 61.37 18.87 45.50
6 23-11-11-13:52 18.75 65.49 18.88 61.32 18.93 45.44
6 23-11-11-15:53 18.83 65.55 18.97 61.34 19.00 45.40
6 23-11-11-17:53 18.90 65.49 19.03 61.33 19.06 45.37
6 23-11-11-19:53 18.85 65.46 18.99 61.30 19.05 45.32
6 23-11-11-21:53 18.89 65.45 19.01 61.29 19.05 45.26
6 23-11-11-23:53 19.03 65.43 19.16 61.25 19.23 45.24
6 23-11-12-01:53 19.13 65.48 19.30 61.27 19.35 45.26
6 23-11-12-03:53 19.16 65.42 19.29 61.27 19.34 45.26
6 23-11-12-05:53 19.13 65.45 19.27 61.23 19.30 45.19
6 23-11-12-07:53 19.13 65.40 19.25 61.22 19.33 45.18
6 23-11-12-09:53 19.20 65.44 19.33 61.25 19.39 45.15
6 23-11-12-11:54 19.33 65.44 19.46 61.25 19.50 45.19
6 23-11-12-13:54 19.38 65.43 19.53 61.24 19.55 45.18
6 23-11-12-15:54 19.47 65.44 19.62 61.22 19.67 45.18
6 23-11-12-17:54 19.51 65.45 19.66 61.24 19.74 45.14
6 23-11-12-19:54 19.54 65.46 19.67 61.23 19.72 45.13
6 23-11-12-21:54 19.53 65.45 19.67 61.22 19.72 45.18
6 23-11-12-23:54 19.67 65.43 19.83 61.22 19.84 45.13
6 23-11-13-01:54 19.74 65.45 19.90 61.23 19.93 45.17
6 23-11-13-03:54 19.84 65.46 19.97 61.23 19.99 45.16
6 23-11-13-05:55 19.78 65.42 19.96 61.23 20.00 45.13
6 23-11-13-07:55 19.78 65.44 19.94 61.20 19.97 45.11
6 23-11-13-09:55 19.57 65.39 19.69 61.16 19.72 45.00
6 23-11-13-11:55 19.47 65.35 19.57 61.11 19.67 44.96
6 23-11-13-13:55 19.51 65.38 19.64 61.12 19.68 44.95
6 23-11-13-15:55 19.57 65.36 19.73 61.14 19.78 44.94
6 23-11-13-17:55 19.68 65.34 19.80 61.15 19.88 44.99
6 23-11-13-19:55 19.74 65.39 19.86 61.09 19.91 44.95
6 23-11-13-21:55 19.75 65.35 19.94 61.12 19.96 44.97
6 23-11-13-23:55 19.88 65.38 20.03 61.14 20.09 44.96
6 23-11-14-01:56 19.94 65.38 20.10 61.10 20.15 44.95
6 23-11-14-03:56 19.95 65.38 20.10 61.14 20.12 44.94
6 23-11-14-05:56 19.92 65.37 20.06 61.11 20.08 44.97
6 23-11-14-07:56 19.82 65.31 20.00 61.09 20.04 44.88
6 23-11-14-09:56 19.75 65.31 19.90 61.05 19.97 44.84
6 23-11-14-11:56 19.75 65.28 19.90 61.04 19.93 44.81
6 23-11-14-13:56 19.91 65.33 20.06 61.03 20.11 44.84
6 23-11-14-15:56 19.99 65.34 20.10 61.06 20.17 44.81
6 23-11-14-17:56 20.01 65.28 20.18 61.03 20.22 44.84
6 23-11-14-19:57 19.99 65.29 20.16 61.01 20.20 44.84
6 23-11-14-21:57 20.02 65.28 20.13 61.00 20.16 44.80
6 23-11-14-23:57 20.08 65.27 20.27 61.04 20.33 44.78
6 23-11-15-01:57 20.22 65.29 20.37 61.00 20.39 44.86
6 23-11-15-03:57 20.26 65.33 20.41 61.02 20.44 44.84
6 23-11-15-05:57 20.29 65.30 20.45 61.02 20.47 44.82
6 23-11-15-07:57 20.28 65.30 20.41 61.03 20.46 44.75
6 23-11-15-09:57 20.08 65.24 20.20 61.01 20.22 44.69
