6 23-03-27-17:30 18.79 100.00 18.87 100.00 18.82 100.00
6 23-03-27-19:30 18.77 100.00 18.82 100.00 18.80 100.00
6 23-03-27-21:30 18.79 100.00 18.85 100.00 18.83 100.00
6 23-03-27-23:31 18.89 100.00 18.91 100.00 18.92 100.00
6 23-03-28-01:31 18.95 100.00 18.99 100.00 19.00 100.00
6 23-03-28-03:31 18.99 100.00 19.05 100.00 19.05 100.00
6 23-03-28-05:31 19.02 100.00 19.08 100.00 19.05 100.00
6 23-03-28-07:31 19.02 100.00 19.08 100.00 19.10 100.00
6 23-03-28-09:31 19.03 100.00 19.09 100.00 19.09 100.00
6 23-03-28-11:31 18.96 100.00 19.01 100.00 19.00 100.00
