6 23-11-21-09:48 20.05 64.20 20.14 59.82 20.19 44.16
6 23-11-21-11:48 19.68 64.10 19.81 59.75 19.84 44.12
6 23-11-21-13:49 19.54 64.03 19.67 59.71 19.72 44.08
6 23-11-21-15:49 19.48 63.98 19.57 59.60 19.65 43.98
6 23-11-21-17:49 19.40 63.95 19.54 59.56 19.55 43.94
6 23-11-21-19:49 19.31 63.89 19.43 59.56 19.51 43.86
6 23-11-21-21:49 19.30 63.85 19.42 59.52 19.47 43.77
6 23-11-21-23:49 19.48 63.87 19.60 59.50 19.67 43.78
6 23-11-22-01:49 19.67 63.90 19.76 59.51 19.84 43.74
6 23-11-22-03:49 19.71 63.93 19.87 59.53 19.89 43.69
6 23-11-22-05:49 19.74 63.88 19.90 59.54 19.93 43.71
6 23-11-22-07:50 19.80 63.87 19.91 59.52 19.97 43.62
6 23-11-22-09:50 19.71 63.85 19.84 59.50 19.91 43.56
6 23-11-22-11:50 19.67 63.81 19.80 59.46 19.85 43.48
6 23-11-22-13:50 19.62 63.78 19.78 59.44 19.86 43.51
6 23-11-22-15:50 19.58 63.78 19.73 59.43 19.75 43.42
6 23-11-22-17:50 19.44 63.72 19.56 59.34 19.62 43.32
6 23-11-22-19:50 19.26 63.65 19.37 59.27 19.45 43.29
6 23-11-22-21:50 19.13 63.61 19.29 59.26 19.30 43.19
6 23-11-22-23:50 19.31 63.63 19.46 59.24 19.54 43.23
6 23-11-23-01:50 19.54 63.63 19.67 59.27 19.74 43.21
6 23-11-23-03:51 19.67 63.63 19.78 59.26 19.85 43.19
6 23-11-23-05:51 19.74 63.65 19.90 59.27 19.92 43.24
6 23-11-23-07:51 19.81 63.63 19.96 59.25 19.97 43.23
6 23-11-23-09:51 19.85 63.63 19.98 59.27 20.02 43.17
6 23-11-23-11:51 19.82 63.60 19.97 59.23 20.02 43.18
6 23-11-23-13:51 19.84 63.63 20.03 59.28 20.02 43.16
6 23-11-23-15:51 19.84 63.60 19.98 59.24 20.04 43.15
6 23-11-23-17:51 19.85 63.58 20.00 59.19 20.04 43.11
6 23-11-23-19:51 19.82 63.57 19.98 59.18 20.02 43.13
6 23-11-23-21:52 19.77 63.58 19.94 59.20 19.97 43.05
6 23-11-23-23:52 19.74 63.53 19.90 59.16 19.92 42.99
6 23-11-24-01:52 19.68 63.54 19.83 59.15 19.86 42.96
6 23-11-24-03:52 19.58 63.47 19.73 59.08 19.78 42.94
6 23-11-24-05:52 19.54 63.45 19.66 59.04 19.72 42.86
6 23-11-24-07:52 19.42 63.43 19.57 59.00 19.61 42.87
6 23-11-24-09:52 19.31 63.37 19.43 58.92 19.51 42.79
6 23-11-24-11:52 19.20 63.33 19.34 58.89 19.38 42.70
6 23-11-24-13:52 19.09 63.24 19.27 58.81 19.31 42.70
6 23-11-24-15:52 19.02 63.23 19.19 58.78 19.23 42.63
6 23-11-24-17:53 18.99 63.18 19.11 58.74 19.18 42.57
6 23-11-24-19:53 18.95 63.16 19.08 58.74 19.10 42.55
6 23-11-24-21:53 18.89 63.08 19.02 58.69 19.07 42.45
6 23-11-24-23:53 18.83 63.07 18.98 58.64 19.05 42.43
6 23-11-25-01:53 18.75 63.05 18.91 58.57 18.96 42.42
6 23-11-25-03:53 18.69 62.99 18.82 58.54 18.86 42.37
6 23-11-25-05:53 18.53 62.95 18.67 58.42 18.70 42.30
6 23-11-25-07:53 18.45 62.93 18.61 58.43 18.63 42.23
6 23-11-25-09:53 18.41 62.83 18.61 58.41 18.58 42.12
6 23-11-25-11:54 18.39 62.83 18.52 58.31 18.54 42.10
6 23-11-25-13:54 18.31 62.80 18.47 58.30 18.48 42.07
6 23-11-25-15:54 18.31 62.77 18.46 58.22 18.45 42.04
6 23-11-25-17:54 18.32 62.73 18.47 58.20 18.48 42.00
6 23-11-25-19:54 18.39 62.71 18.52 58.21 18.55 41.99
6 23-11-25-21:54 18.39 62.67 18.52 58.17 18.58 42.02
6 23-11-25-23:54 18.41 62.66 18.58 58.15 18.58 41.95
6 23-11-26-01:54 18.45 62.64 18.59 58.09 18.62 41.92
6 23-11-26-03:54 18.48 62.64 18.62 58.10 18.65 41.92
6 23-11-26-05:54 18.49 62.60 18.62 58.07 18.66 41.89
6 23-11-26-07:55 18.48 62.56 18.58 58.04 18.62 41.87
6 23-11-26-09:55 18.42 62.56 18.58 58.02 18.58 41.78
6 23-11-26-11:55 18.38 62.54 18.54 57.96 18.52 41.80
6 23-11-26-13:55 18.35 62.50 18.48 57.92 18.51 41.71
6 23-11-26-15:55 18.32 62.46 18.44 57.85 18.45 41.72
6 23-11-26-17:55 18.27 62.39 18.41 57.82 18.45 41.66
6 23-11-26-19:55 18.22 62.40 18.40 57.81 18.39 41.61
6 23-11-26-21:55 18.18 62.36 18.33 57.79 18.37 41.58
6 23-11-26-23:55 18.13 62.33 18.30 57.76 18.32 41.55
6 23-11-27-01:55 18.11 62.30 18.27 57.72 18.25 41.49
6 23-11-27-03:56 18.05 62.25 18.21 57.67 18.24 41.50
6 23-11-27-05:56 17.98 62.21 18.16 57.68 18.19 41.47
6 23-11-27-07:56 18.02 62.20 18.18 57.63 18.18 41.41
6 23-11-27-09:56 17.66 62.07 17.82 57.49 17.87 41.33
6 23-11-27-11:56 17.47 62.02 17.62 57.43 17.69 41.21
6 23-11-27-13:56 17.36 62.01 17.49 57.38 17.54 41.16
6 23-11-27-15:56 17.30 61.91 17.43 57.31 17.49 41.15
6 23-11-27-17:56 17.22 61.88 17.35 57.27 17.40 41.07
6 23-11-27-19:56 17.10 61.84 17.28 57.21 17.30 41.01
6 23-11-27-21:57 17.05 61.81 17.18 57.14 17.23 40.96
6 23-11-27-23:57 17.26 61.80 17.41 57.14 17.49 41.00
6 23-11-28-01:57 17.48 61.82 17.59 57.14 17.67 41.06
6 23-11-28-03:57 17.57 61.79 17.72 57.17 17.77 41.11
6 23-11-28-05:57 17.61 61.81 17.76 57.19 17.83 41.04
6 23-11-28-07:57 17.64 61.79 17.77 57.17 17.81 41.00
6 23-11-28-09:57 17.48 61.78 17.62 57.07 17.69 40.99
6 23-11-28-11:57 17.51 61.71 17.63 57.08 17.70 40.92
6 23-11-28-13:57 17.61 61.75 17.72 57.07 17.81 40.99
6 23-11-28-15:57 17.74 61.75 17.92 57.09 17.98 40.97
6 23-11-28-17:58 17.84 61.77 18.01 57.10 18.07 40.98
6 23-11-28-19:58 17.84 61.70 18.00 57.09 18.01 40.93
6 23-11-28-21:58 17.84 61.70 17.97 57.06 18.03 40.90
6 23-11-28-23:58 17.99 61.71 18.18 57.10 18.23 40.98
6 23-11-29-01:58 18.21 61.74 18.36 57.06 18.37 41.02
6 23-11-29-03:58 18.32 61.77 18.44 57.09 18.48 41.02
6 23-11-29-05:58 18.39 61.77 18.54 57.09 18.52 40.99
6 23-11-29-07:58 18.38 61.73 18.54 57.09 18.54 41.08
6 23-11-29-09:58 18.12 61.70 18.27 57.06 18.32 40.96
6 23-11-29-11:59 18.08 61.69 18.26 57.01 18.28 40.99
6 23-11-29-13:59 18.11 61.67 18.30 57.02 18.31 40.97
6 23-11-29-15:59 18.22 61.67 18.36 57.03 18.39 40.95
6 23-11-29-17:59 18.24 61.65 18.41 57.00 18.39 40.94
6 23-11-29-19:59 18.18 61.67 18.33 57.00 18.37 40.94
6 23-11-29-21:59 18.15 61.62 18.31 56.95 18.32 40.93
6 23-11-29-23:59 18.38 61.65 18.52 56.97 18.55 40.98
6 23-11-30-01:59 18.56 61.65 18.71 57.02 18.76 41.00
6 23-11-30-03:59 18.69 61.66 18.84 57.03 18.90 41.00
6 23-11-30-05:59 18.80 61.69 18.91 57.04 18.95 41.00
6 23-11-30-08:00 18.79 61.68 18.94 57.01 18.95 41.03
6 23-11-30-10:00 18.51 61.62 18.65 56.92 18.67 40.95
6 23-11-30-12:00 18.24 61.58 18.37 56.92 18.39 40.83
6 23-11-30-14:00 18.39 61.56 18.55 56.87 18.54 40.87
6 23-11-30-16:00 18.32 61.56 18.46 56.84 18.46 40.82
6 23-11-30-18:00 18.11 61.48 18.28 56.83 18.29 40.79
6 23-11-30-20:00 17.97 61.45 18.17 56.78 18.18 40.69
6 23-11-30-22:00 17.88 61.41 18.08 56.71 18.09 40.67
6 23-12-01-00:00 18.12 61.44 18.28 56.76 18.32 40.73
6 23-12-01-02:01 18.35 61.49 18.47 56.78 18.52 40.77
6 23-12-01-04:01 18.48 61.47 18.62 56.75 18.65 40.75
6 23-12-01-06:01 18.52 61.48 18.67 56.77 18.72 40.77
6 23-12-01-08:01 18.52 61.44 18.65 56.74 18.69 40.77
6 23-12-01-10:01 18.27 61.38 18.41 56.68 18.41 40.67
6 23-12-01-12:01 18.04 61.35 18.23 56.64 18.25 40.61
6 23-12-01-14:01 17.97 61.28 18.11 56.62 18.15 40.58
6 23-12-01-16:01 17.92 61.25 18.08 56.58 18.11 40.59
6 23-12-01-18:01 17.91 61.23 18.07 56.53 18.09 40.53
6 23-12-01-20:01 17.88 61.20 18.06 56.53 18.09 40.53
6 23-12-01-22:02 17.87 61.13 18.03 56.48 18.07 40.54
6 23-12-02-00:02 18.02 61.19 18.20 56.48 18.19 40.54
6 23-12-02-02:02 18.28 61.19 18.44 56.55 18.46 40.58
6 23-12-02-04:02 18.46 61.24 18.61 56.56 18.60 40.56
6 23-12-02-06:02 18.53 61.21 18.69 56.53 18.69 40.60
6 23-12-02-08:02 18.53 61.27 18.68 56.53 18.67 40.63
6 23-12-02-10:02 18.28 61.16 18.44 56.48 18.46 40.53
6 23-12-02-12:02 18.12 61.15 18.28 56.45 18.29 40.42
6 23-12-02-14:02 18.15 61.12 18.33 56.44 18.31 40.45
6 23-12-02-16:02 18.16 61.07 18.33 56.43 18.35 40.47
6 23-12-02-18:03 18.19 61.09 18.36 56.39 18.35 40.46
6 23-12-02-20:03 18.08 61.01 18.27 56.36 18.27 40.44
6 23-12-02-22:03 18.02 61.03 18.20 56.33 18.23 40.39
6 23-12-03-00:03 18.27 61.06 18.38 56.32 18.44 40.41
6 23-12-03-02:03 18.46 61.08 18.58 56.34 18.62 40.45
6 23-12-03-04:03 18.56 61.05 18.68 56.36 18.77 40.45
6 23-12-03-06:03 18.63 61.07 18.76 56.36 18.80 40.44
6 23-12-03-08:03 18.65 61.09 18.78 56.36 18.82 40.45
6 23-12-03-10:03 18.41 61.00 18.54 56.32 18.56 40.39
6 23-12-03-12:04 18.29 60.99 18.47 56.29 18.46 40.37
6 23-12-03-14:04 18.32 60.96 18.44 56.28 18.48 40.33
6 23-12-03-16:04 18.32 60.92 18.48 56.26 18.49 40.34
6 23-12-03-18:04 18.29 60.95 18.46 56.21 18.45 40.34
6 23-12-03-20:04 18.13 60.87 18.34 56.16 18.35 40.26
6 23-12-03-22:04 18.08 60.88 18.24 56.14 18.28 40.27
6 23-12-04-00:04 18.32 60.89 18.43 56.15 18.45 40.32
6 23-12-04-02:04 18.48 60.88 18.64 56.12 18.65 40.36
6 23-12-04-04:04 18.58 60.88 18.74 56.17 18.76 40.38
6 23-12-04-06:04 18.63 60.89 18.79 56.19 18.80 40.40
6 23-12-04-08:05 18.65 60.90 18.78 56.18 18.83 40.36
6 23-12-04-10:05 18.48 60.83 18.61 56.14 18.66 40.34
6 23-12-04-12:05 18.33 60.82 18.48 56.08 18.52 40.27
6 23-12-04-14:05 18.28 60.80 18.43 56.07 18.42 40.27
6 23-12-04-16:05 18.27 60.76 18.43 56.02 18.44 40.28
6 23-12-04-18:05 18.24 60.74 18.40 56.01 18.41 40.24
6 23-12-04-20:05 18.21 60.73 18.37 55.99 18.37 40.20
6 23-12-04-22:05 18.19 60.70 18.37 55.94 18.41 40.24
6 23-12-05-00:05 18.48 60.74 18.55 55.97 18.60 40.27
6 23-12-05-02:06 18.62 60.73 18.75 56.01 18.82 40.27
6 23-12-05-04:06 18.70 60.71 18.82 56.00 18.92 40.34
6 23-12-05-06:06 18.72 60.74 18.87 56.02 18.93 40.32
6 23-12-05-08:06 18.67 60.76 18.82 56.04 18.83 40.33
