6 23-10-09-10:51 22.09 72.65 22.24 69.58 22.27 54.49
6 23-10-09-12:51 22.04 72.61 22.18 69.52 22.24 54.39
6 23-10-09-14:52 22.12 72.64 22.24 69.50 22.25 54.40
6 23-10-09-16:52 22.11 72.63 22.24 69.50 22.25 54.32
6 23-10-09-18:52 21.94 72.55 22.09 69.48 22.15 54.29
6 23-10-09-20:52 21.92 72.52 22.07 69.40 22.11 54.26
6 23-10-09-22:52 22.01 72.55 22.15 69.40 22.20 54.22
6 23-10-10-00:52 22.16 72.53 22.29 69.41 22.37 54.25
6 23-10-10-02:52 22.29 72.54 22.44 69.41 22.47 54.26
6 23-10-10-04:52 22.38 72.59 22.52 69.41 22.56 54.24
6 23-10-10-06:52 22.42 72.57 22.56 69.37 22.64 54.24
6 23-10-10-08:53 22.23 72.50 22.41 69.34 22.43 54.18
6 23-10-10-10:53 21.99 72.43 22.15 69.26 22.21 54.02
6 23-10-10-12:53 21.95 72.42 22.09 69.25 22.14 54.02
6 23-10-10-14:53 22.13 72.39 22.25 69.22 22.30 53.97
6 23-10-10-16:53 22.09 72.41 22.21 69.20 22.28 53.97
6 23-10-10-18:53 21.99 72.39 22.12 69.18 22.14 53.89
6 23-10-10-20:53 21.95 72.33 22.08 69.16 22.13 53.86
6 23-10-10-22:53 22.02 72.38 22.14 69.13 22.18 53.81
6 23-10-11-00:53 22.18 72.38 22.29 69.14 22.37 53.81
6 23-10-11-02:53 22.27 72.36 22.42 69.17 22.48 53.81
6 23-10-11-04:54 22.35 72.37 22.49 69.13 22.51 53.77
6 23-10-11-06:54 22.39 72.36 22.54 69.14 22.58 53.76
6 23-10-11-08:54 22.19 72.30 22.32 69.07 22.37 53.63
6 23-10-11-10:54 22.01 72.24 22.17 69.02 22.18 53.56
6 23-10-11-12:54 21.89 72.22 22.03 68.96 22.10 53.49
6 23-10-11-14:54 21.84 72.17 22.00 68.96 22.03 53.46
6 23-10-11-16:54 21.75 72.17 21.87 68.86 21.94 53.35
6 23-10-11-18:54 21.64 72.08 21.76 68.83 21.82 53.28
6 23-10-11-20:54 21.60 72.07 21.74 68.81 21.79 53.21
6 23-10-11-22:55 21.74 72.08 21.85 68.81 21.90 53.20
6 23-10-12-00:55 21.91 72.10 22.04 68.81 22.08 53.15
6 23-10-12-02:55 22.05 72.09 22.22 68.81 22.25 53.14
6 23-10-12-04:55 22.18 72.12 22.29 68.86 22.37 53.14
6 23-10-12-06:55 22.27 72.09 22.41 68.82 22.47 53.08
6 23-10-12-08:55 22.20 72.10 22.38 68.81 22.41 53.08
6 23-10-12-10:55 22.12 72.08 22.25 68.76 22.28 52.97
6 23-10-12-12:55 22.01 71.99 22.19 68.71 22.23 52.92
6 23-10-12-14:55 22.07 72.00 22.24 68.74 22.27 52.89
6 23-10-12-16:55 22.02 72.02 22.12 68.64 22.18 52.82
6 23-10-12-18:56 21.94 71.95 22.09 68.64 22.14 52.81
6 23-10-12-20:56 21.89 71.92 22.01 68.62 22.07 52.73
6 23-10-12-22:56 21.87 71.91 22.03 68.59 22.11 52.69
6 23-10-13-00:56 21.99 71.91 22.15 68.59 22.18 52.72
6 23-10-13-02:56 22.11 71.92 22.22 68.60 22.30 52.73
6 23-10-13-04:56 22.12 71.92 22.28 68.58 22.34 52.71
6 23-10-13-06:56 22.18 71.95 22.31 68.56 22.37 52.74
6 23-10-13-08:56 22.08 71.89 22.21 68.49 22.25 52.67
6 23-10-13-10:56 21.88 71.84 22.03 68.48 22.06 52.57
6 23-10-13-12:56 21.69 71.76 21.85 68.40 21.87 52.51
6 23-10-13-14:57 21.60 71.71 21.74 68.36 21.80 52.50
6 23-10-13-16:57 21.54 71.67 21.67 68.31 21.72 52.40
6 23-10-13-18:57 21.51 71.63 21.66 68.32 21.70 52.37
6 23-10-13-20:57 21.47 71.60 21.60 68.25 21.66 52.32
6 23-10-13-22:57 21.45 71.63 21.56 68.24 21.60 52.29
6 23-10-14-00:57 21.55 71.62 21.67 68.21 21.72 52.27
6 23-10-14-02:57 21.65 71.58 21.77 68.19 21.84 52.26
6 23-10-14-04:57 21.75 71.59 21.87 68.18 21.96 52.25
6 23-10-14-06:57 21.81 71.62 21.95 68.22 22.01 52.23
6 23-10-14-08:58 21.68 71.56 21.83 68.15 21.86 52.13
6 23-10-14-10:58 21.41 71.51 21.57 68.08 21.60 52.04
6 23-10-14-12:58 21.29 71.42 21.40 68.03 21.45 51.97
6 23-10-14-14:58 21.27 71.39 21.40 67.97 21.45 51.94
6 23-10-14-16:58 21.29 71.37 21.44 67.98 21.46 51.90
6 23-10-14-18:58 21.27 71.37 21.42 67.93 21.44 51.89
6 23-10-14-20:58 21.20 71.32 21.33 67.92 21.38 51.86
6 23-10-14-22:58 21.31 71.32 21.44 67.89 21.49 51.84
6 23-10-15-00:58 21.47 71.32 21.60 67.85 21.66 51.87
6 23-10-15-02:58 21.60 71.37 21.74 67.89 21.80 51.94
6 23-10-15-04:59 21.69 71.39 21.84 67.93 21.87 51.96
6 23-10-15-06:59 21.77 71.38 21.88 67.88 21.93 51.97
6 23-10-15-08:59 21.54 71.30 21.68 67.81 21.70 51.88
6 23-10-15-10:59 21.20 71.21 21.34 67.75 21.39 51.77
6 23-10-15-12:59 21.13 71.17 21.25 67.71 21.29 51.77
6 23-10-15-14:59 21.17 71.19 21.29 67.68 21.34 51.73
6 23-10-15-16:59 21.30 71.18 21.42 67.70 21.50 51.74
6 23-10-15-18:59 21.36 71.15 21.49 67.71 21.57 51.78
6 23-10-15-20:59 21.36 71.16 21.47 67.65 21.52 51.75
6 23-10-15-23:00 21.40 71.13 21.52 67.67 21.60 51.73
6 23-10-16-01:00 21.55 71.19 21.66 67.66 21.75 51.75
6 23-10-16-03:00 21.68 71.21 21.81 67.72 21.87 51.78
6 23-10-16-05:00 21.75 71.20 21.90 67.70 21.93 51.80
6 23-10-16-07:00 21.80 71.19 21.91 67.68 21.97 51.78
6 23-10-16-09:00 21.65 71.16 21.78 67.62 21.83 51.70
6 23-10-16-11:00 21.50 71.12 21.64 67.61 21.67 51.63
6 23-10-16-13:00 21.53 71.09 21.64 67.57 21.70 51.58
6 23-10-16-15:00 21.53 71.10 21.64 67.57 21.73 51.59
