6 23-11-15-12:12 20.05 65.25 20.17 60.96 20.23 44.65
6 23-11-15-14:12 20.18 65.25 20.25 60.95 20.32 44.74
6 23-11-15-16:12 20.18 65.21 20.34 60.96 20.40 44.70
6 23-11-15-18:12 20.24 65.24 20.35 60.93 20.40 44.65
6 23-11-15-20:12 20.29 65.23 20.39 60.95 20.46 44.64
6 23-11-15-22:13 20.31 65.27 20.42 60.93 20.47 44.64
6 23-11-16-00:13 20.43 65.24 20.55 60.96 20.63 44.66
6 23-11-16-02:13 20.56 65.27 20.69 61.01 20.73 44.66
6 23-11-16-04:13 20.62 65.27 20.76 60.98 20.80 44.70
6 23-11-16-06:13 20.68 65.28 20.81 61.01 20.90 44.74
6 23-11-16-08:13 20.65 65.29 20.78 61.00 20.85 44.68
6 23-11-16-10:13 20.40 65.23 20.51 60.90 20.62 44.64
6 23-11-16-12:13 20.40 65.18 20.51 60.89 20.56 44.59
6 23-11-16-14:13 20.40 65.18 20.54 60.88 20.57 44.58
6 23-11-16-16:14 20.31 65.13 20.44 60.85 20.48 44.57
6 23-11-16-18:14 20.18 65.09 20.32 60.78 20.36 44.52
6 23-11-16-20:14 20.05 65.04 20.18 60.76 20.23 44.48
6 23-11-16-22:14 19.98 65.00 20.10 60.68 20.17 44.46
6 23-11-17-00:14 20.15 65.03 20.29 60.75 20.32 44.40
6 23-11-17-02:14 20.26 65.02 20.38 60.74 20.43 44.44
6 23-11-17-04:14 20.28 65.03 20.39 60.70 20.47 44.44
6 23-11-17-06:14 20.14 64.95 20.31 60.67 20.36 44.43
6 23-11-17-08:14 20.01 64.92 20.16 60.62 20.20 44.32
6 23-11-17-10:14 19.82 64.88 19.97 60.53 19.99 44.25
6 23-11-17-12:15 19.78 64.80 19.93 60.53 19.99 44.22
6 23-11-17-14:15 19.78 64.86 19.90 60.49 20.00 44.21
6 23-11-17-16:15 19.85 64.81 19.98 60.50 20.04 44.21
6 23-11-17-18:15 19.86 64.80 20.00 60.46 20.09 44.21
6 23-11-17-20:15 19.78 64.77 19.93 60.43 20.00 44.13
6 23-11-17-22:15 19.67 64.72 19.84 60.41 19.86 44.05
6 23-11-18-00:15 19.77 64.73 19.93 60.40 19.96 44.08
6 23-11-18-02:15 19.96 64.74 20.08 60.37 20.15 44.13
6 23-11-18-04:15 20.05 64.75 20.20 60.37 20.25 44.12
6 23-11-18-06:16 20.15 64.80 20.27 60.40 20.32 44.18
6 23-11-18-08:16 20.07 64.74 20.18 60.35 20.26 44.09
6 23-11-18-10:16 19.68 64.65 19.81 60.26 19.88 43.99
6 23-11-18-12:16 19.50 64.57 19.66 60.23 19.69 43.88
6 23-11-18-14:16 19.58 64.56 19.73 60.19 19.81 43.90
6 23-11-18-16:16 19.77 64.56 19.90 60.22 19.97 43.93
6 23-11-18-18:16 19.85 64.54 20.03 60.18 20.06 43.94
6 23-11-18-20:16 19.86 64.56 19.98 60.20 20.05 43.98
6 23-11-18-22:16 19.86 64.52 20.00 60.17 20.08 43.91
6 23-11-19-00:16 20.07 64.55 20.21 60.21 20.27 43.95
6 23-11-19-02:17 20.21 64.60 20.34 60.22 20.43 44.01
6 23-11-19-04:17 20.31 64.59 20.47 60.21 20.51 44.03
6 23-11-19-06:17 20.35 64.58 20.51 60.25 20.54 44.07
6 23-11-19-08:17 20.32 64.57 20.45 60.22 20.47 44.04
6 23-11-19-10:17 19.99 64.52 20.16 60.17 20.17 43.93
6 23-11-19-12:17 19.78 64.49 19.96 60.08 20.04 43.93
6 23-11-19-14:17 19.82 64.42 20.01 60.11 20.04 43.83
6 23-11-19-16:17 19.94 64.41 20.08 60.09 20.15 43.90
6 23-11-19-18:17 19.98 64.44 20.13 60.06 20.17 43.92
6 23-11-19-20:18 19.96 64.42 20.13 60.04 20.16 43.91
6 23-11-19-22:18 19.98 64.38 20.14 60.02 20.20 43.89
6 23-11-20-00:18 20.18 64.41 20.34 60.02 20.39 43.94
6 23-11-20-02:18 20.33 64.46 20.48 60.07 20.51 43.98
6 23-11-20-04:18 20.43 64.47 20.56 60.05 20.64 44.01
6 23-11-20-06:18 20.56 64.50 20.68 60.09 20.74 44.08
6 23-11-20-08:18 20.58 64.50 20.71 60.13 20.78 44.14
6 23-11-20-10:18 20.40 64.42 20.55 60.08 20.60 44.10
6 23-11-20-12:18 20.24 64.37 20.39 60.02 20.44 44.10
6 23-11-20-14:18 20.18 64.36 20.31 59.98 20.36 44.09
6 23-11-20-16:19 20.18 64.30 20.31 59.96 20.37 44.09
6 23-11-20-18:19 20.12 64.34 20.27 59.94 20.32 44.11
6 23-11-20-20:19 20.01 64.28 20.16 59.88 20.19 44.11
6 23-11-20-22:19 19.96 64.24 20.11 59.86 20.15 44.15
6 23-11-21-00:19 20.15 64.24 20.29 59.87 20.35 44.19
6 23-11-21-02:19 20.32 64.25 20.48 59.89 20.51 44.24
6 23-11-21-04:19 20.40 64.26 20.56 59.91 20.63 44.28
6 23-11-21-06:19 20.46 64.33 20.61 59.89 20.66 44.35
