6 23-10-16-17:38 21.73 71.12 21.84 67.61 21.89 51.61
6 23-10-16-19:38 21.80 71.12 21.93 67.60 21.97 51.57
6 23-10-16-21:38 21.67 71.06 21.78 67.58 21.84 51.53
6 23-10-16-23:38 21.74 71.06 21.87 67.56 21.96 51.60
6 23-10-17-01:38 21.89 71.08 22.04 67.61 22.08 51.63
6 23-10-17-03:38 22.02 71.13 22.15 67.58 22.24 51.66
6 23-10-17-05:38 22.18 71.15 22.28 67.60 22.33 51.72
6 23-10-17-07:38 22.25 71.16 22.35 67.61 22.41 51.76
6 23-10-17-09:38 22.12 71.11 22.25 67.59 22.27 51.77
6 23-10-17-11:38 22.05 71.09 22.18 67.58 22.23 51.78
6 23-10-17-13:39 22.18 71.13 22.27 67.57 22.37 51.82
6 23-10-17-15:39 22.39 71.17 22.49 67.62 22.54 51.89
6 23-10-17-17:39 22.58 71.18 22.69 67.66 22.76 52.02
6 23-10-17-19:39 22.72 71.22 22.82 67.68 22.86 52.08
6 23-10-17-21:39 22.59 71.18 22.72 67.64 22.78 52.08
6 23-10-17-23:39 22.60 71.18 22.73 67.65 22.79 52.22
6 23-10-18-01:39 22.69 71.19 22.82 67.65 22.91 52.29
6 23-10-18-03:39 22.79 71.24 22.90 67.67 22.95 52.35
6 23-10-18-05:39 22.83 71.20 22.98 67.70 23.03 52.45
6 23-10-18-07:40 22.87 71.26 22.96 67.70 23.03 52.57
6 23-10-18-09:40 22.73 71.17 22.86 67.67 22.91 52.56
6 23-10-18-11:40 22.59 71.18 22.73 67.61 22.78 52.58
6 23-10-18-13:40 22.53 71.09 22.70 67.61 22.75 52.62
6 23-10-18-15:40 22.58 71.11 22.73 67.59 22.75 52.64
6 23-10-18-17:40 22.36 71.06 22.49 67.52 22.55 52.65
6 23-10-18-19:40 22.19 71.02 22.34 67.48 22.35 52.66
6 23-10-18-21:40 22.16 70.97 22.29 67.45 22.35 52.63
6 23-10-18-23:40 22.28 71.01 22.41 67.46 22.48 52.71
6 23-10-19-01:40 22.39 70.99 22.52 67.44 22.61 52.75
6 23-10-19-03:41 22.49 70.99 22.60 67.46 22.65 52.82
6 23-10-19-05:41 22.56 71.00 22.69 67.44 22.75 52.93
6 23-10-19-07:41 22.56 70.99 22.73 67.47 22.75 52.92
6 23-10-19-09:41 22.45 70.99 22.59 67.46 22.62 52.96
6 23-10-19-11:41 22.34 70.94 22.48 67.41 22.52 52.95
6 23-10-19-13:41 22.31 70.91 22.44 67.35 22.47 52.96
6 23-10-19-15:41 22.35 70.89 22.49 67.35 22.52 53.03
6 23-10-19-17:41 22.43 70.88 22.55 67.37 22.62 53.05
6 23-10-19-19:41 22.43 70.88 22.58 67.37 22.62 53.03
6 23-10-19-21:42 22.36 70.85 22.51 67.34 22.56 53.03
6 23-10-19-23:42 22.42 70.82 22.55 67.34 22.62 53.10
6 23-10-20-01:42 22.52 70.88 22.63 67.36 22.69 53.05
6 23-10-20-03:42 22.60 70.88 22.76 67.35 22.78 53.11
6 23-10-20-05:42 22.69 70.87 22.85 67.39 22.88 53.08
6 23-10-20-07:42 22.76 70.89 22.90 67.42 22.92 53.08
6 23-10-20-09:42 22.60 70.85 22.73 67.35 22.76 53.03
