6 24-02-06-10:37 21.13 51.83 21.26 47.86 21.31 37.51
6 24-02-06-12:37 21.11 51.89 21.27 47.90 21.28 37.53
6 24-02-06-14:37 20.82 51.83 20.92 47.82 20.95 37.47
6 24-02-06-16:37 20.59 51.79 20.72 47.84 20.77 37.50
6 24-02-06-18:37 20.49 51.76 20.62 47.77 20.66 37.43
6 24-02-06-20:37 20.43 51.78 20.55 47.79 20.64 37.42
6 24-02-06-22:37 20.48 51.73 20.62 47.77 20.66 37.46
6 24-02-07-00:37 20.59 51.75 20.71 47.82 20.74 37.45
6 24-02-07-02:37 20.65 51.78 20.76 47.80 20.80 37.49
6 24-02-07-04:38 20.60 51.79 20.74 47.81 20.78 37.46
6 24-02-07-06:38 20.63 51.76 20.74 47.84 20.78 37.46
6 24-02-07-08:38 20.55 51.74 20.68 47.84 20.74 37.44
6 24-02-07-10:38 20.39 51.72 20.51 47.77 20.54 37.38
6 24-02-07-12:38 20.32 51.66 20.47 47.77 20.51 37.36
