6 23-10-20-11:47 22.50 70.82 22.63 67.30 22.65 52.99
6 23-10-20-13:47 22.48 70.80 22.59 67.32 22.65 52.97
6 23-10-20-15:47 22.59 70.81 22.73 67.33 22.76 52.97
6 23-10-20-17:47 22.67 70.82 22.82 67.34 22.86 52.92
6 23-10-20-19:47 22.72 70.81 22.83 67.34 22.88 52.91
6 23-10-20-21:47 22.52 70.76 22.68 67.30 22.71 52.83
6 23-10-20-23:48 22.46 70.74 22.60 67.28 22.65 52.78
6 23-10-21-01:48 22.59 70.77 22.69 67.26 22.78 52.75
6 23-10-21-03:48 22.73 70.75 22.86 67.31 22.92 52.76
6 23-10-21-05:48 22.83 70.81 22.98 67.30 23.03 52.69
6 23-10-21-07:48 22.89 70.79 23.00 67.31 23.07 52.61
6 23-10-21-09:48 22.58 70.70 22.70 67.24 22.78 52.48
6 23-10-21-11:48 22.35 70.65 22.51 67.15 22.56 52.35
6 23-10-21-13:48 22.32 70.65 22.45 67.17 22.51 52.29
6 23-10-21-15:48 22.20 70.59 22.34 67.13 22.40 52.18
6 23-10-21-17:48 22.04 70.52 22.18 67.05 22.23 52.11
6 23-10-21-19:49 21.91 70.46 22.04 66.97 22.10 51.91
6 23-10-21-21:49 21.92 70.44 22.04 66.98 22.11 51.88
6 23-10-21-23:49 22.07 70.46 22.21 66.94 22.28 51.83
6 23-10-22-01:49 22.28 70.49 22.39 66.98 22.43 51.78
6 23-10-22-03:49 22.40 70.51 22.52 66.97 22.56 51.73
6 23-10-22-05:49 22.46 70.54 22.62 66.97 22.65 51.64
6 23-10-22-07:49 22.55 70.51 22.65 66.97 22.72 51.59
6 23-10-22-09:49 22.36 70.44 22.51 66.95 22.52 51.47
6 23-10-22-11:49 22.23 70.43 22.37 66.90 22.43 51.38
6 23-10-22-13:49 22.18 70.41 22.31 66.88 22.35 51.27
6 23-10-22-15:50 22.11 70.38 22.24 66.85 22.30 51.23
6 23-10-22-17:50 22.09 70.36 22.27 66.80 22.28 51.16
6 23-10-22-19:50 22.02 70.30 22.14 66.77 22.18 51.07
6 23-10-22-21:50 21.97 70.29 22.09 66.76 22.15 51.00
6 23-10-22-23:50 22.08 70.28 22.21 66.70 22.28 50.96
6 23-10-23-01:50 22.25 70.31 22.37 66.73 22.43 50.96
6 23-10-23-03:50 22.35 70.33 22.49 66.71 22.52 50.89
6 23-10-23-05:50 22.45 70.31 22.55 66.74 22.59 50.94
6 23-10-23-07:50 22.48 70.31 22.56 66.72 22.61 50.94
6 23-10-23-09:51 22.23 70.26 22.39 66.67 22.45 50.88
6 23-10-23-11:51 22.11 70.20 22.25 66.59 22.28 50.75
6 23-10-23-13:51 22.11 70.22 22.25 66.59 22.31 50.76
6 23-10-23-15:51 22.11 70.17 22.24 66.56 22.28 50.73
6 23-10-23-17:51 22.08 70.14 22.18 66.49 22.27 50.69
6 23-10-23-19:51 22.04 70.14 22.15 66.51 22.23 50.72
6 23-10-23-21:51 21.98 70.09 22.11 66.47 22.15 50.67
6 23-10-23-23:51 22.02 70.05 22.19 66.43 22.23 50.70
6 23-10-24-01:51 22.15 70.10 22.27 66.44 22.35 50.78
6 23-10-24-03:51 22.20 70.07 22.35 66.40 22.41 50.82
6 23-10-24-05:52 22.23 70.10 22.39 66.39 22.44 50.88
6 23-10-24-07:52 22.23 70.05 22.38 66.37 22.41 50.92
6 23-10-24-09:52 22.02 70.01 22.15 66.29 22.20 50.86
6 23-10-24-11:52 21.80 69.95 21.93 66.25 21.97 50.87
6 23-10-24-13:52 21.71 69.91 21.83 66.17 21.90 50.87
6 23-10-24-15:52 21.64 69.89 21.78 66.15 21.82 50.86
6 23-10-24-17:52 21.57 69.84 21.72 66.14 21.75 50.82
6 23-10-24-19:52 21.50 69.75 21.63 66.07 21.69 50.76
6 23-10-24-21:52 21.43 69.71 21.57 66.03 21.60 50.75
6 23-10-24-23:53 21.50 69.72 21.66 66.02 21.73 50.79
6 23-10-25-01:53 21.61 69.73 21.74 66.01 21.80 50.76
6 23-10-25-03:53 21.67 69.70 21.81 65.99 21.86 50.78
6 23-10-25-05:53 21.71 69.72 21.85 66.02 21.93 50.85
6 23-10-25-07:53 21.73 69.69 21.84 65.98 21.90 50.79
6 23-10-25-09:53 21.54 69.63 21.68 65.90 21.75 50.77
6 23-10-25-11:53 21.38 69.60 21.49 65.86 21.53 50.70
6 23-10-25-13:53 21.19 69.53 21.33 65.78 21.38 50.64
6 23-10-25-15:53 21.10 69.50 21.23 65.75 21.29 50.59
6 23-10-25-17:53 21.01 69.45 21.14 65.67 21.21 50.56
6 23-10-25-19:54 20.97 69.40 21.10 65.60 21.15 50.54
6 23-10-25-21:54 20.90 69.40 21.06 65.58 21.12 50.44
6 23-10-25-23:54 21.00 69.34 21.13 65.57 21.19 50.47
6 23-10-26-01:54 21.07 69.35 21.25 65.57 21.29 50.44
6 23-10-26-03:54 21.07 69.32 21.23 65.55 21.25 50.42
6 23-10-26-05:54 21.04 69.28 21.18 65.52 21.24 50.37
