6 24-02-07-16:31 20.39 51.64 20.51 47.73 20.57 37.36
6 24-02-07-18:31 20.35 51.66 20.51 47.72 20.56 37.34
6 24-02-07-20:31 20.36 51.64 20.49 47.73 20.56 37.38
6 24-02-07-22:31 20.43 51.62 20.55 47.75 20.62 37.34
6 24-02-08-00:31 20.43 51.64 20.56 47.73 20.62 37.31
6 24-02-08-02:31  20.62 37.31 20.52 47.76
20.54 37.33

6 24-02-08-04:31 20.39 51.59 20.51 47.72 20.53 37.25
6 24-02-08-06:31 20.32 51.59 20.45 47.71 20.47 37.30
6 24-02-08-08:31 20.47 37.30 20.62 47.74 20.70 37.28
6 24-02-08-10:31 21.13 51.74 21.22 47.85 21.29 37.44
6 24-02-08-12:32 21.01 51.71 21.13 47.85 21.16 37.41
6 24-02-08-14:32 20.70 51.69 20.82 47.81 20.83 37.36
6 24-02-08-16:32 20.43 51.59 20.55 47.71 20.58 37.24
6 24-02-08-18:32 20.31 51.55 20.44 47.70 20.44 37.20
6 24-02-08-20:32 20.32 51.54 20.45 47.68 20.48 37.17
6 24-02-08-22:32 20.36 51.56 20.47 47.68 20.50 37.18
6 24-02-09-00:32 20.39 51.56 20.48 47.66 20.51 37.20
6 24-02-09-02:32 20.32 51.50 20.44 47.65 20.48 37.10
6 24-02-09-04:32 20.26 51.45 20.39 47.63 20.44 37.07
6 24-02-09-06:32 20.21 51.43 20.32 47.57 20.36 37.03
6 24-02-09-08:33 20.33 51.47 20.47 47.62 20.51 36.98
6 24-02-09-10:33 20.82 51.53 20.95 47.68 21.01 37.10
6 24-02-09-12:33 20.75 51.53 20.89 47.69 20.94 36.96
6 24-02-09-14:33 20.43 51.47 20.55 47.62 20.56 36.87
6 24-02-09-16:33 20.24 51.44 20.35 47.56 20.37 36.81
6 24-02-09-18:33 20.29 51.42 20.37 47.56 20.44 36.71
6 24-02-09-20:33 20.29 51.40 20.42 47.54 20.42 36.68
6 24-02-09-22:33 20.26 51.40 20.37 47.55 20.37 36.64
6 24-02-10-00:33 20.24 51.36 20.34 47.52 20.36 36.54
6 24-02-10-02:33 20.16 51.33 20.28 47.45 20.30 36.46
6 24-02-10-04:34 20.07 51.31 20.21 47.44 20.23 36.37
6 24-02-10-06:34 19.99 51.27 20.13 47.40 20.13 36.29
6 24-02-10-08:34 19.91 51.28 20.04 47.38 20.05 36.23
6 24-02-10-10:34 19.85 51.23 19.96 47.35 19.96 36.08
6 24-02-10-12:34 19.75 51.17 19.86 47.29 19.91 36.01
6 24-02-10-14:34 19.67 51.14 19.76 47.24 19.81 35.91
6 24-02-10-16:34 19.56 51.07 19.72 47.19 19.71 35.81
6 24-02-10-18:34 19.53 51.02 19.64 47.15 19.67 35.79
6 24-02-10-20:34 19.48 50.99 19.62 47.12 19.61 35.66
6 24-02-10-22:35 19.40 50.97 19.53 47.09 19.55 35.61
6 24-02-11-00:35 19.38 50.94 19.45 47.04 19.50 35.52
6 24-02-11-02:35 19.26 50.84 19.40 46.98 19.42 35.45
6 24-02-11-04:35 19.20 50.84 19.32 46.96 19.37 35.40
6 24-02-11-06:35 19.11 50.78 19.25 46.92 19.26 35.29
6 24-02-11-08:35 19.05 50.71 19.15 46.90 19.17 35.26
6 24-02-11-10:35 19.37 50.79 19.52 46.90 19.57 35.29
6 24-02-11-12:35 19.64 50.78 19.80 46.93 19.84 35.30
6 24-02-11-14:35 19.58 50.84 19.73 46.90 19.76 35.25
6 24-02-11-16:35 19.46 50.75 19.60 46.84 19.61 35.15
6 24-02-11-18:36 19.37 50.74 19.46 46.81 19.51 35.13
6 24-02-11-20:36 19.30 50.70 19.43 46.74 19.47 35.04
6 24-02-11-22:36 19.24 50.66 19.34 46.75 19.38 34.98
6 24-02-12-00:36 19.18 50.62 19.33 46.71 19.31 34.95
6 24-02-12-02:36 19.13 50.55 19.25 46.67 19.34 34.89
6 24-02-12-04:36 19.07 50.52 19.22 46.63 19.27 34.86
6 24-02-12-06:36 19.00 50.52 19.13 46.54 19.16 34.76
6 24-02-12-08:36 19.17 50.52 19.30 46.59 19.41 34.81
6 24-02-12-10:36 19.98 50.66 20.14 46.70 20.19 34.97
6 24-02-12-12:36 20.82 50.78 20.95 46.84 21.02 35.07
6 24-02-12-14:37 20.91 50.88 21.06 46.91 21.06 35.12
6 24-02-12-16:37 20.60 50.89 20.72 46.90 20.74 35.08
6 24-02-12-18:37 20.39 50.81 20.52 46.86 20.54 35.02
6 24-02-12-20:37 20.45 50.83 20.54 46.88 20.56 34.95
6 24-02-12-22:37 20.32 50.85 20.48 46.83 20.48 34.92
6 24-02-13-00:37 20.14 50.78 20.24 46.76 20.26 34.89
6 24-02-13-02:37 19.91 50.69 20.03 46.69 20.06 34.79
6 24-02-13-04:37 19.77 50.65 19.90 46.65 19.92 34.72
6 24-02-13-06:37 19.67 50.61 19.78 46.61 19.82 34.67
6 24-02-13-08:38 19.86 50.63 20.00 46.58 20.06 34.72
6 24-02-13-10:38 20.66 50.75 20.81 46.77 20.88 34.79
6 24-02-13-12:38 21.19 50.89 21.32 46.84 21.35 34.89
6 24-02-13-14:38 20.93 50.89 21.09 46.81 21.09 34.87
6 24-02-13-16:38 20.62 50.77 20.72 46.76 20.75 34.72
6 24-02-13-18:38 20.39 50.77 20.55 46.73 20.56 34.65
6 24-02-13-20:38 20.40 50.74 20.51 46.69 20.57 34.63
6 24-02-13-22:38 20.43 50.74 20.52 46.65 20.54 34.59
6 24-02-14-00:38 20.38 50.70 20.52 46.65 20.53 34.56
6 24-02-14-02:38 20.32 50.67 20.44 46.64 20.48 34.53
6 24-02-14-04:39 20.22 50.63 20.37 46.59 20.37 34.49
6 24-02-14-06:39 20.15 50.58 20.27 46.50 20.32 34.47
6 24-02-14-08:39 20.33 50.61 20.41 46.54 20.47 34.50
6 24-02-14-10:39 20.72 50.68 20.86 46.63 20.90 34.55
