6 24-01-18-10:37 17.67 52.28 17.82 48.01 17.88 35.04
6 24-01-18-12:37 18.60 52.49 18.72 48.19 18.77 35.16
6 24-01-18-14:37 19.31 52.65 19.46 48.40 19.51 35.31
6 24-01-18-16:37 19.94 52.88 20.04 48.62 20.11 35.46
6 24-01-18-18:37 20.39 53.07 20.51 48.80 20.62 35.56
6 24-01-18-20:37 20.79 53.27 20.90 48.99 20.93 35.65
6 24-01-18-22:38 20.90 53.42 21.05 49.16 21.05 35.70
6 24-01-19-00:38 20.52 53.45 20.61 49.19 20.67 35.59
6 24-01-19-02:38 19.99 53.38 20.10 49.10 20.12 35.43
6 24-01-19-04:38 19.44 53.30 19.57 49.08 19.62 35.34
6 24-01-19-06:38 19.00 53.24 19.12 48.97 19.14 35.20
6 24-01-19-08:38 19.03 53.26 19.16 48.94 19.21 35.17
6 24-01-19-10:38 19.65 53.30 19.81 49.06 19.89 35.27
6 24-01-19-12:38 20.38 53.45 20.47 49.22 20.51 35.39
6 24-01-19-14:38 20.80 53.61 20.92 49.34 20.95 35.41
6 24-01-19-16:38 20.72 53.67 20.88 49.37 20.90 35.42
6 24-01-19-18:39 20.24 53.63 20.35 49.34 20.35 35.29
6 24-01-19-20:39 20.01 53.61 20.14 49.32 20.17 35.28
6 24-01-19-22:39 19.94 53.62 20.06 49.29 20.09 35.19
6 24-01-20-00:39 19.30 53.52 19.43 49.21 19.45 35.00
6 24-01-20-02:39 18.82 53.37 18.94 49.08 18.96 34.91
6 24-01-20-04:39 18.83 53.40 18.98 49.03 19.05 34.86
6 24-01-20-06:39 19.27 53.39 19.42 49.10 19.45 34.96
6 24-01-20-08:39 19.23 53.43 19.36 49.08 19.38 34.92
6 24-01-20-10:39 18.95 53.33 19.11 48.97 19.11 34.82
6 24-01-20-12:40 19.18 53.41 19.32 49.04 19.38 34.83
6 24-01-20-14:40 19.44 53.41 19.56 49.07 19.64 34.83
6 24-01-20-16:40 19.18 53.41 19.34 48.99 19.38 34.78
6 24-01-20-18:40 18.97 53.34 19.09 48.95 19.16 34.72
6 24-01-20-20:40 19.35 53.42 19.46 48.98 19.54 34.76
6 24-01-20-22:40 19.48 53.40 19.63 49.00 19.67 34.79
6 24-01-21-00:40 19.34 53.36 19.49 48.98 19.51 34.66
6 24-01-21-02:40 19.00 53.29 19.18 48.91 19.21 34.60
6 24-01-21-04:40 18.73 53.26 18.87 48.84 18.90 34.49
6 24-01-21-06:40 18.87 53.26 19.01 48.85 19.09 34.55
6 24-01-21-08:41 19.38 53.33 19.53 48.92 19.60 34.60
6 24-01-21-10:41 19.41 53.34 19.53 48.92 19.60 34.53
6 24-01-21-12:41 19.07 53.32 19.21 48.91 19.27 34.45
6 24-01-21-14:41 18.95 53.26 19.08 48.81 19.16 34.44
6 24-01-21-16:41 19.46 53.28 19.57 48.89 19.65 34.48
6 24-01-21-18:41 19.48 53.29 19.63 48.86 19.65 34.45
6 24-01-21-20:41 19.23 53.27 19.36 48.84 19.39 34.35
6 24-01-21-22:41 19.27 53.26 19.42 48.81 19.47 34.41
6 24-01-22-00:41 19.58 53.35 19.72 48.86 19.75 34.44
6 24-01-22-02:41 19.46 53.31 19.62 48.82 19.62 34.38
6 24-01-22-04:42 19.21 53.26 19.36 48.80 19.39 34.31
6 24-01-22-06:42 18.99 53.22 19.16 48.73 19.20 34.23
6 24-01-22-08:42 19.14 53.19 19.26 48.70 19.34 34.29
6 24-01-22-10:42 19.89 53.29 20.03 48.87 20.09 34.31
6 24-01-22-12:42 20.66 53.50 20.79 48.99 20.85 34.48
6 24-01-22-14:42 21.00 53.57 21.13 49.09 21.16 34.52
6 24-01-22-16:42 20.65 53.56 20.79 49.08 20.81 34.54
6 24-01-22-18:42 20.32 53.56 20.44 49.03 20.47 34.44
6 24-01-22-20:42 20.29 53.51 20.41 48.99 20.47 34.44
6 24-01-22-22:43 20.31 53.53 20.44 49.06 20.48 34.43
6 24-01-23-00:43 20.14 53.49 20.29 48.99 20.32 34.36
6 24-01-23-02:43 19.91 53.47 20.08 48.94 20.08 34.40
6 24-01-23-04:43 19.70 53.42 19.83 48.89 19.88 34.23
6 24-01-23-06:43 19.46 53.32 19.62 48.83 19.65 34.22
6 24-01-23-08:43 19.53 53.33 19.66 48.79 19.72 34.19
6 24-01-23-10:43 20.28 53.41 20.44 48.95 20.50 34.35
6 24-01-23-12:43 21.01 53.57 21.13 49.07 21.19 34.49
6 24-01-23-14:43 20.91 53.64 21.09 49.09 21.12 34.46
6 24-01-23-16:43 20.59 53.59 20.72 49.09 20.77 34.43
6 24-01-23-18:44 20.35 53.57 20.49 49.01 20.54 34.36
6 24-01-23-20:44 20.36 53.55 20.51 49.03 20.57 34.35
6 24-01-23-22:44 20.33 53.54 20.49 49.01 20.51 34.32
6 24-01-24-00:44 20.08 53.47 20.24 48.94 20.27 34.27
6 24-01-24-02:44 19.80 53.38 19.96 48.88 19.97 34.18
6 24-01-24-04:44 19.57 53.30 19.74 48.80 19.79 34.15
6 24-01-24-06:44 19.37 53.23 19.52 48.70 19.57 34.16
6 24-01-24-08:44 19.53 53.24 19.67 48.71 19.75 34.12
6 24-01-24-10:44 20.33 53.37 20.47 48.85 20.53 34.25
6 24-01-24-12:44 21.07 53.52 21.22 48.98 21.26 34.40
6 24-01-24-14:45 21.04 53.53 21.19 49.01 21.21 34.41
6 24-01-24-16:45 20.65 53.51 20.82 48.97 20.84 34.38
6 24-01-24-18:45 20.39 53.48 20.55 48.93 20.57 34.34
6 24-01-24-20:45 20.39 53.43 20.51 48.86 20.56 34.27
6 24-01-24-22:45 20.38 53.45 20.51 48.89 20.54 34.31
6 24-01-25-00:45 20.16 53.39 20.32 48.84 20.37 34.28
6 24-01-25-02:45 19.92 53.35 20.06 48.72 20.12 34.20
6 24-01-25-04:45 19.68 53.21 19.81 48.69 19.88 34.19
6 24-01-25-06:45 19.29 53.12 19.45 48.55 19.54 34.08
6 24-01-25-08:46 19.50 53.13 19.63 48.56 19.69 34.10
6 24-01-25-10:46 20.46 53.29 20.56 48.68 20.64 34.27
6 24-01-25-12:46 21.20 53.49 21.32 48.88 21.38 34.50
6 24-01-25-14:46 21.03 53.42 21.19 48.89 21.21 34.49
6 24-01-25-16:46 20.63 53.42 20.79 48.83 20.84 34.42
6 24-01-25-18:46 20.40 53.32 20.58 48.74 20.60 34.31
6 24-01-25-20:46 20.25 53.28 20.38 48.67 20.44 34.30
6 24-01-25-22:46 20.05 53.21 20.20 48.64 20.25 34.28
6 24-01-26-00:46 19.60 53.13 19.76 48.51 19.76 34.16
6 24-01-26-02:46 19.21 53.01 19.37 48.42 19.41 34.08
6 24-01-26-04:47 19.23 52.96 19.42 48.37 19.47 34.11
6 24-01-26-06:47 19.48 52.99 19.60 48.34 19.65 34.11
6 24-01-26-08:47 19.64 52.99 19.78 48.36 19.84 34.16
6 24-01-26-10:47 20.46 53.08 20.62 48.51 20.68 34.32
6 24-01-26-12:47 21.11 53.29 21.26 48.64 21.29 34.47
6 24-01-26-14:47 20.93 53.26 21.06 48.64 21.11 34.44
6 24-01-26-16:47 20.58 53.21 20.74 48.61 20.78 34.42
6 24-01-26-18:47 20.42 53.17 20.55 48.53 20.57 34.37
6 24-01-26-20:47 20.39 53.15 20.55 48.53 20.60 34.33
6 24-01-26-22:47 20.42 53.17 20.56 48.54 20.60 34.37
6 24-01-27-00:48 20.33 53.11 20.49 48.53 20.51 34.33
6 24-01-27-02:48 20.21 53.10 20.35 48.46 20.39 34.34
6 24-01-27-04:48 19.99 53.01 20.16 48.44 20.20 34.29
6 24-01-27-06:48 19.74 52.97 19.90 48.32 19.92 34.19
6 24-01-27-08:48 19.46 52.83 19.62 48.22 19.65 34.14
6 24-01-27-10:48 19.38 52.81 19.54 48.19 19.57 34.11
6 24-01-27-12:48 19.35 52.77 19.50 48.15 19.54 34.15
6 24-01-27-14:48 19.33 52.73 19.46 48.12 19.51 34.16
6 24-01-27-16:48 19.35 52.69 19.49 48.07 19.50 34.13
6 24-01-27-18:49 19.29 52.67 19.45 48.01 19.45 34.12
6 24-01-27-20:49 19.16 52.59 19.34 47.99 19.35 34.06
6 24-01-27-22:49 19.62 52.69 19.76 48.04 19.85 34.20
6 24-01-28-00:49 19.89 52.69 20.03 48.10 20.11 34.27
6 24-01-28-02:49 19.80 52.67 19.93 48.03 19.95 34.22
6 24-01-28-04:49 19.51 52.58 19.69 47.95 19.71 34.23
6 24-01-28-06:49 19.29 52.53 19.45 47.94 19.51 34.13
6 24-01-28-08:49 19.21 52.50 19.36 47.90 19.41 34.18
6 24-01-28-10:49 19.24 52.45 19.37 47.86 19.44 34.14
6 24-01-28-12:49 19.27 52.46 19.40 47.84 19.48 34.18
6 24-01-28-14:50 19.27 52.44 19.43 47.83 19.45 34.20
6 24-01-28-16:50 19.31 52.41 19.43 47.85 19.53 34.27
6 24-01-28-18:50 19.34 52.40 19.49 47.79 19.53 34.24
6 24-01-28-20:50 19.30 52.38 19.40 47.78 19.48 34.24
6 24-01-28-22:50 19.26 52.32 19.39 47.74 19.45 34.20
6 24-01-29-00:50 19.26 52.31 19.42 47.72 19.50 34.28
6 24-01-29-02:50 19.30 52.29 19.43 47.71 19.50 34.28
6 24-01-29-04:50 19.31 52.30 19.43 47.68 19.48 34.30
6 24-01-29-06:50 19.29 52.27 19.45 47.69 19.47 34.30
6 24-01-29-08:50 19.67 52.31 19.80 47.70 19.85 34.38
6 24-01-29-10:51 20.52 52.43 20.65 47.91 20.73 34.58
6 24-01-29-12:51 21.24 52.62 21.39 48.07 21.44 34.80
