6 23-07-31-15:36 22.23 81.18 22.34 78.57 22.40 67.14
6 23-07-31-17:37 22.35 81.20 22.47 78.58 22.51 67.20
6 23-07-31-19:37 22.31 81.17 22.42 78.53 22.43 67.10
6 23-07-31-21:37 22.22 81.15 22.35 78.49 22.38 67.13
6 23-07-31-23:37   
 23-08-01-01:37   
6 23-08-01-03:37 23.21 81.31 23.30 78.68 23.32 67.52
6 23-08-01-05:37 23.24 81.34 23.36 78.71 23.42 67.59
6 23-08-01-07:37 23.65 81.42 23.73 78.81 23.73 67.68
6 23-08-01-09:37 23.07 81.28 23.17 78.68 23.20 67.57
6 23-08-01-11:37 22.70 81.20 22.82 78.58 22.82 67.52
6 23-08-01-13:38 22.56 81.16 22.63 78.55 22.68 67.48
6 23-08-01-15:38 22.58 81.18 22.68 78.54 22.75 67.51
6 23-08-01-17:38 22.72 81.15 22.79 78.57 22.83 67.50
6 23-08-01-19:38 22.67 81.14 22.80 78.54 22.82 67.50
6 23-08-01-21:38 22.58 81.14 22.72 78.52 22.75 67.49
6 23-08-01-23:38   
 23-08-02-01:38   
 23-08-02-03:38   
 23-08-02-05:38   
 23-08-02-07:38   
6 23-08-02-09:38 22.85 81.11 22.96 78.57 22.93 67.66
6 23-08-02-11:39 22.46 81.05 22.58 78.48 22.61 67.58
6 23-08-02-13:39 22.19 80.97 22.32 78.43 22.34 67.48
6 23-08-02-15:39 22.20 80.93 22.31 78.39 22.35 67.49
6 23-08-02-17:39   
 23-08-02-19:39   
 23-08-02-21:39   
 23-08-02-23:39   
 23-08-03-01:39   
6 23-08-03-03:39 23.11 81.09 23.19 78.54 23.22 67.63
6 23-08-03-05:39 23.36 81.13 23.43 78.60 23.50 67.72
6 23-08-03-07:39 23.47 81.17 23.54 78.62 23.60 67.82
6 23-08-03-09:40 22.99 81.07 23.09 78.52 23.09 67.66
6 23-08-03-11:40 22.66 80.99 22.78 78.48 22.78 67.64
6 23-08-03-13:40 22.52 80.92 22.63 78.40 22.68 67.60
6 23-08-03-15:40 22.50 80.92 22.63 78.38 22.65 67.53
6 23-08-03-17:40 22.46 80.92 22.59 78.37 22.62 67.49
6 23-08-03-19:40 22.42 80.87 22.56 78.36 22.56 67.49
6 23-08-03-21:40 22.35 80.87 22.48 78.35 22.51 67.44
6 23-08-03-23:40   
 23-08-04-01:40   
6 23-08-04-03:40 23.10 80.98 23.24 78.48 23.26 67.62
6 23-08-04-05:41   
6 23-08-04-07:41 23.36 81.07 23.47 78.52 23.49 67.73
6 23-08-04-09:41 22.79 80.91 22.90 78.41 22.93 67.63
6 23-08-04-11:41 22.48 80.85 22.59 78.34 22.64 67.52
6 23-08-04-13:41 22.31 80.78 22.44 78.31 22.47 67.47
6 23-08-04-15:41 22.31 80.77 22.42 78.27 22.45 67.44
6 23-08-04-17:41 22.31 80.76 22.42 78.26 22.45 67.39
6 23-08-04-19:41   
 23-08-04-21:41   
 23-08-04-23:41   
 23-08-05-01:41   
 23-08-05-03:42   
 23-08-05-05:42   
 23-08-05-07:42   
 23-08-05-09:42   
 23-08-05-11:42   
 23-08-05-13:42   
 23-08-05-15:42   
 23-08-05-17:42   
 23-08-05-19:42   
 23-08-05-21:42   
 23-08-05-23:42   
 23-08-06-01:42   
 23-08-06-03:42   
 23-08-06-05:42   
 23-08-06-07:42   
 23-08-06-09:43   
 23-08-06-11:43   
 23-08-06-13:43   
 23-08-06-15:43   
 23-08-06-17:43   
 23-08-06-19:43   
 23-08-06-21:43   
 23-08-06-23:43   
 23-08-07-01:43   
 23-08-07-03:43   
 23-08-07-05:43   
 23-08-07-07:43   
6 23-08-07-09:43 22.62 80.58 22.72 78.14 22.72 67.40
6 23-08-07-11:43 22.28 80.51 22.38 78.12 22.40 67.34
6 23-08-07-13:44 22.15 80.46 22.27 78.06 22.30 67.26
6 23-08-07-15:44 22.13 80.43 22.27 78.03 22.31 67.17
6 23-08-07-17:44 22.19 80.44 22.29 78.03 22.33 67.12
6 23-08-07-19:44 22.28 80.45 22.41 78.08 22.45 67.11
6 23-08-07-21:44 22.34 80.42 22.45 78.04 22.51 67.04
6 23-08-07-23:44   
 23-08-08-01:44   
 23-08-08-03:44   
6 23-08-08-05:44 23.36 80.67 23.50 78.25 23.53 67.17
6 23-08-08-07:44 23.28 80.61 23.40 78.22 23.42 67.14
6 23-08-08-09:45 22.70 80.44 22.85 78.10 22.82 67.00
6 23-08-08-11:45 22.32 80.39 22.45 78.01 22.48 66.84
6 23-08-08-13:45 22.19 80.36 22.31 77.97 22.34 66.71
6 23-08-08-15:45 22.22 80.37 22.35 77.95 22.34 66.72
6 23-08-08-17:45 22.23 80.36 22.38 77.95 22.43 66.67
6 23-08-08-19:45 22.29 80.32 22.41 77.92 22.47 66.66
6 23-08-08-21:45   
 23-08-08-23:45   
 23-08-09-01:45   
 23-08-09-03:45   
6 23-08-09-05:45 23.23 80.51 23.37 78.12 23.43 66.96
6 23-08-09-07:46 23.40 80.54 23.50 78.14 23.52 67.04
6 23-08-09-09:46 22.82 80.42 22.92 78.02 22.93 66.91
6 23-08-09-11:46 22.40 80.31 22.52 77.91 22.54 66.84
6 23-08-09-13:46 22.20 80.25 22.35 77.83 22.38 66.80
6 23-08-09-15:46 22.20 80.23 22.34 77.84 22.37 66.71
6 23-08-09-17:46   
 23-08-09-19:46   
 23-08-09-21:46   
 23-08-09-23:46   
 23-08-10-01:46   
 23-08-10-03:46   
 23-08-10-05:46   
6 23-08-10-07:47 23.26 80.40 23.37 77.96 23.40 67.11
6 23-08-10-09:47 22.69 80.26 22.82 77.83 22.80 67.05
6 23-08-10-11:47 22.32 80.20 22.47 77.77 22.48 66.97
6 23-08-10-13:47 22.18 80.14 22.32 77.71 22.35 66.98
6 23-08-10-15:47   
 23-08-10-17:47   
 23-08-10-19:47   
 23-08-10-21:47   
 23-08-10-23:47   
 23-08-11-01:47   
 23-08-11-03:47   
 23-08-11-05:47   
 23-08-11-07:48   
6 23-08-11-09:48 22.70 80.14 22.86 77.78 22.83 67.33
6 23-08-11-11:48 22.32 80.09 22.48 77.67 22.48 67.30
6 23-08-11-13:48 22.15 80.01 22.31 77.65 22.33 67.23
6 23-08-11-15:48 22.12 80.00 22.24 77.60 22.28 67.19
6 23-08-11-17:48 22.15 80.04 22.28 77.59 22.31 67.21
6 23-08-11-19:48 22.23 79.97 22.35 77.61 22.38 67.16
6 23-08-11-21:48 22.28 79.99 22.41 77.58 22.44 67.14
6 23-08-11-23:48 22.53 80.03 22.62 77.63 22.68 67.17
6 23-08-12-01:48 23.00 80.12 23.10 77.72 23.14 67.23
6 23-08-12-03:49 23.46 80.20 23.57 77.81 23.57 67.23
6 23-08-12-05:49 23.57 80.22 23.67 77.84 23.68 67.20
6 23-08-12-07:49 23.23 80.16 23.34 77.80 23.36 67.03
6 23-08-12-09:49 22.63 80.02 22.75 77.65 22.78 66.80
6 23-08-12-11:49 22.35 79.97 22.47 77.64 22.50 66.63
6 23-08-12-13:49 22.27 79.92 22.38 77.59 22.43 66.49
6 23-08-12-15:49 22.25 79.92 22.37 77.55 22.41 66.40
6 23-08-12-17:49 22.27 79.95 22.39 77.54 22.40 66.35
6 23-08-12-19:49 22.28 79.89 22.39 77.51 22.45 66.30
6 23-08-12-21:49 22.36 79.94 22.48 77.52 22.54 66.27
6 23-08-12-23:50 22.82 79.99 22.95 77.62 22.99 66.37
6 23-08-13-01:50   
 23-08-13-03:50   
6 23-08-13-05:50 23.91 66.04 23.42 77.71 23.47 66.43
6 23-08-13-07:50 23.43 80.16 23.54 77.76 23.54 66.46
6 23-08-13-09:50 22.83 79.99 22.92 77.60 22.92 66.31
6 23-08-13-11:50 22.38 79.89 22.49 77.47 22.54 66.20
6 23-08-13-13:50 22.29 79.84 22.41 77.46 22.45 66.13
6 23-08-13-15:50 22.31 79.82 22.44 77.45 22.45 66.12
6 23-08-13-17:50   
 23-08-13-19:51   
 23-08-13-21:51   
 23-08-13-23:51   
 23-08-14-01:51   
 23-08-14-03:51   
 23-08-14-05:51   
 23-08-14-07:51   
 23-08-14-09:51   
 23-08-14-11:51   
6 23-08-14-13:51   
6 23-08-14-15:51 24.07 80.17 24.21 77.80 24.22 67.12
6 23-08-14-17:51 24.32 80.22 24.40 77.83 24.45 67.21
6 23-08-14-19:51 24.51 80.26 24.60 77.92 24.66 67.26
6 23-08-14-21:52 -45.00 100.00 24.76 77.97 24.82 67.33
6 23-08-14-23:52 -45.00 100.00 24.87 77.99 24.89 67.31
6 23-08-15-01:52 -45.00 100.00 24.78 78.00 24.79 67.24
6 23-08-15-03:52 -45.00 100.00 24.65 77.98 24.63 67.17
6 23-08-15-05:52 24.31 80.31 24.43 77.97 24.49 67.06
6 23-08-15-07:52 24.12 80.26 24.25 77.91 24.25 66.92
6 23-08-15-09:52 24.05 80.25 24.17 77.91 24.19 66.80
6 23-08-15-11:52 24.33 80.28 24.43 77.97 24.49 66.82
6 23-08-15-13:52 24.70 80.37 24.82 78.03 24.84 66.86
6 23-08-15-15:52 24.93 80.43 25.07 78.09 25.07 66.86
6 23-08-15-17:53 25.23 80.49 25.33 78.16 25.32 66.83
6 23-08-15-19:53 25.41 80.56 25.54 78.19 25.53 66.88
6 23-08-15-21:53 25.60 80.60 25.70 78.27 25.73 66.91
6 23-08-15-23:53 25.77 80.68 25.89 78.35 25.92 66.94
6 23-08-16-01:53 25.87 80.71 25.95 78.37 25.99 66.93
6 23-08-16-03:53 25.82 80.74 25.91 78.40 25.96 66.88
6 23-08-16-05:53 25.61 80.71 25.74 78.37 25.78 66.82
6 23-08-16-07:53 25.50 80.69 25.65 78.37 25.66 66.74
6 23-08-16-09:53 25.37 80.65 25.48 78.32 25.53 66.70
6 23-08-16-11:54 25.44 80.66 25.53 78.32 25.53 66.63
6 23-08-16-13:54 25.48 80.66 25.58 78.32 25.62 66.60
6 23-08-16-15:54 25.52 80.68 25.61 78.35 25.65 66.56
6 23-08-16-17:54 25.52 80.68 25.64 78.33 25.65 66.50
6 23-08-16-19:54 25.51 80.68 25.64 78.36 25.64 66.46
6 23-08-16-21:54 25.40 80.64 25.51 78.30 25.53 66.34
6 23-08-16-23:54 25.17 80.58 25.34 78.25 25.32 66.19
6 23-08-17-01:54 24.89 80.53 25.05 78.15 25.03 65.99
6 23-08-17-03:54 24.53 80.44 24.66 78.05 24.67 65.75
6 23-08-17-05:54 24.16 80.33 24.28 77.93 24.31 65.50
6 23-08-17-07:55 24.01 80.24 24.12 77.86 24.16 65.29
6 23-08-17-09:55 23.91 80.20 24.01 77.84 24.05 65.11
6 23-08-17-11:55 23.98 80.16 24.09 77.81 24.18 65.02
6 23-08-17-13:55 24.21 80.20 24.32 77.79 24.39 64.96
6 23-08-17-15:55 24.49 80.25 24.59 77.83 24.64 64.90
6 23-08-17-17:55 24.72 80.29 24.85 77.86 24.86 64.87
6 23-08-17-19:55 24.97 80.32 25.07 77.91 25.11 64.89
6 23-08-17-21:55 25.06 80.33 25.13 77.91 25.15 64.82
6 23-08-17-23:55 24.93 80.33 25.05 77.86 25.07 64.72
6 23-08-18-01:56 24.77 80.27 24.92 77.83 24.93 64.60
6 23-08-18-03:56 24.63 80.22 24.76 77.78 24.77 64.51
6 23-08-18-05:56 24.51 80.20 24.62 77.70 24.63 64.39
6 23-08-18-07:56 24.40 80.15 24.52 77.69 24.52 64.32
6 23-08-18-09:56 24.36 80.13 24.47 77.66 24.53 64.29
