6 23-03-31-18:07 19.77 100.00 19.87 100.00 19.91 100.00
6 23-03-31-20:07 19.80 100.00 19.90 100.00 19.93 100.00
6 23-03-31-22:07 19.75 100.00 19.87 100.00 19.89 100.00
6 23-04-01-00:07 19.82 100.00 19.91 100.00 19.93 100.00
6 23-04-01-02:08 19.85 100.00 19.98 100.00 20.02 100.00
6 23-04-01-04:08 19.86 100.00 19.98 100.00 20.02 100.00
6 23-04-01-06:08 19.89 100.00 19.98 100.00 20.02 100.00
6 23-04-01-08:08 19.98 100.00 20.04 100.00 20.08 100.00
6 23-04-01-10:08 20.12 100.00 20.21 100.00 20.23 100.00
6 23-04-01-12:08 20.01 100.00 20.10 100.00 20.13 100.00
6 23-04-01-14:08 19.89 100.00 19.98 100.00 20.04 100.00
6 23-04-01-16:08 19.88 100.00 20.01 100.00 20.05 100.00
6 23-04-01-18:08 19.94 100.00 20.07 100.00 20.09 100.00
6 23-04-01-20:09 19.94 100.00 20.08 100.00 20.11 100.00
6 23-04-01-22:09 19.94 100.00 20.07 100.00 20.12 100.00
6 23-04-02-00:09 19.99 100.00 20.11 100.00 20.13 100.00
6 23-04-02-02:09 20.07 100.00 20.14 100.00 20.19 100.00
6 23-04-02-04:09 20.07 100.00 20.17 100.00 20.22 100.00
6 23-04-02-06:09 20.07 100.00 20.18 100.00 20.22 100.00
6 23-04-02-08:09 20.11 100.00 20.23 100.00 20.26 100.00
6 23-04-02-10:09 20.09 100.00 20.23 100.00 20.27 100.00
6 23-04-02-12:09 20.02 100.00 20.16 100.00 20.19 100.00
6 23-04-02-14:09 19.95 100.00 20.04 100.00 20.09 100.00
6 23-04-02-16:10 19.86 100.00 19.98 100.00 20.04 100.00
6 23-04-02-18:10 19.89 100.00 20.03 100.00 20.05 100.00
6 23-04-02-20:10 19.88 100.00 20.00 100.00 20.05 100.00
6 23-04-02-22:10 19.91 100.00 20.04 100.00 20.08 100.00
6 23-04-03-00:10 20.05 100.00 20.13 100.00 20.19 100.00
6 23-04-03-02:10 20.11 100.00 20.23 100.00 20.26 100.00
6 23-04-03-04:10 20.16 100.00 20.27 100.00 20.29 100.00
6 23-04-03-06:10 20.19 100.00 20.28 100.00 20.32 100.00
6 23-04-03-08:10 20.16 100.00 20.31 100.00 20.32 100.00
6 23-04-03-10:11 20.11 100.00 20.20 100.00 20.25 100.00
6 23-04-03-12:11 19.98 100.00 20.10 100.00 20.13 100.00
6 23-04-03-14:11 19.94 100.00 20.06 100.00 20.11 100.00
6 23-04-03-16:11 19.95 100.00 20.07 100.00 20.09 100.00
6 23-04-03-18:11 19.94 100.00 20.07 100.00 20.11 100.00
6 23-04-03-20:11 19.89 100.00 20.00 100.00 20.05 100.00
6 23-04-03-22:11 19.92 100.00 20.03 100.00 20.09 100.00
6 23-04-04-00:11 20.04 100.00 20.14 100.00 20.17 100.00
6 23-04-04-02:11 20.05 100.00 20.18 100.00 20.23 100.00
6 23-04-04-04:11 20.08 100.00 20.23 100.00 20.25 100.00
6 23-04-04-06:12 20.09 100.00 20.21 100.00 20.22 100.00
6 23-04-04-08:12 20.05 100.00 20.20 100.00 20.23 100.00
6 23-04-04-10:12 20.01 100.00 20.13 100.00 20.16 100.00
6 23-04-04-12:12 19.92 100.00 20.06 100.00 20.11 100.00
6 23-04-04-14:12 19.85 100.00 20.00 100.00 20.04 100.00
6 23-04-04-16:12 19.95 100.00 20.06 100.00 20.08 100.00
6 23-04-04-18:12 19.96 100.00 20.08 100.00 20.13 99.97
6 23-04-04-20:12 19.94 100.00 20.07 100.00 20.08 99.94
6 23-04-04-22:12 19.92 100.00 20.03 100.00 20.08 99.90
6 23-04-05-00:13 19.95 100.00 20.08 100.00 20.12 99.82
6 23-04-05-02:13 19.96 100.00 20.10 100.00 20.13 99.73
6 23-04-05-04:13 19.98 100.00 20.10 100.00 20.15 99.67
6 23-04-05-06:13 19.98 100.00 20.08 100.00 20.12 99.63
6 23-04-05-08:13 19.96 100.00 20.13 100.00 20.13 99.60
6 23-04-05-10:13 19.98 100.00 20.10 100.00 20.13 99.52
6 23-04-05-12:13 19.92 100.00 20.07 100.00 20.06 99.47
6 23-04-05-14:13 19.89 100.00 20.01 100.00 20.05 99.42
6 23-04-05-16:13 19.88 100.00 19.97 100.00 20.04 99.33
6 23-04-05-18:13 19.84 100.00 19.96 100.00 19.99 99.28
6 23-04-05-20:14 19.81 100.00 19.93 100.00 19.96 99.21
6 23-04-05-22:14 19.77 100.00 19.90 100.00 19.92 99.15
6 23-04-06-00:14 19.72 100.00 19.84 100.00 19.89 99.08
6 23-04-06-02:14 19.68 100.00 19.78 100.00 19.84 99.04
6 23-04-06-04:14 19.62 100.00 19.78 100.00 19.79 99.01
6 23-04-06-06:14 19.60 100.00 19.69 100.00 19.74 98.94
6 23-04-06-08:14 19.68 100.00 19.81 100.00 19.88 98.90
6 23-04-06-10:14 20.35 100.00 20.47 100.00 20.48 98.76
6 23-04-06-12:14 20.68 100.00 20.76 100.00 20.80 98.70
6 23-04-06-14:14 20.53 100.00 20.67 100.00 20.68 98.63
6 23-04-06-16:15 20.32 100.00 20.45 100.00 20.47 98.54
6 23-04-06-18:15 20.08 100.00 20.21 100.00 20.26 98.54
6 23-04-06-20:15 19.96 100.00 20.07 100.00 20.12 98.45
6 23-04-06-22:15 19.95 100.00 20.06 100.00 20.08 98.42
6 23-04-07-00:15 20.01 100.00 20.11 100.00 20.13 98.37
6 23-04-07-02:15 20.01 100.00 20.14 100.00 20.17 98.36
6 23-04-07-04:15 19.98 100.00 20.16 100.00 20.19 98.25
6 23-04-07-06:15 20.04 100.00 20.14 100.00 20.19 98.21
6 23-04-07-08:15 20.04 100.00 20.16 100.00 20.19 98.14
6 23-04-07-10:16 20.02 100.00 20.13 100.00 20.13 98.07
6 23-04-07-12:16 20.01 100.00 20.14 100.00 20.15 98.02
6 23-04-07-14:16 20.01 100.00 20.13 100.00 20.13 97.93
6 23-04-07-16:16 20.02 100.00 20.16 100.00 20.16 97.92
6 23-04-07-18:16 20.02 100.00 20.16 100.00 20.19 97.85
6 23-04-07-20:16 20.05 100.00 20.18 100.00 20.19 97.77
6 23-04-07-22:16 20.08 100.00 20.20 100.00 20.25 97.74
6 23-04-08-00:16 20.09 100.00 20.23 100.00 20.27 97.67
6 23-04-08-02:16 20.08 100.00 20.24 100.00 20.26 97.59
6 23-04-08-04:16 20.11 100.00 20.24 100.00 20.26 97.54
6 23-04-08-06:17 20.08 100.00 20.24 100.00 20.23 97.49
6 23-04-08-08:17 20.12 100.00 20.23 100.00 20.25 97.45
6 23-04-08-10:17 20.09 100.00 20.24 100.00 20.27 97.36
6 23-04-08-12:17 20.08 100.00 20.21 100.00 20.25 97.34
6 23-04-08-14:17 20.11 100.00 20.21 100.00 20.26 97.26
6 23-04-08-16:17 20.12 100.00 20.23 100.00 20.32 97.22
6 23-04-08-18:17 20.18 100.00 20.25 100.00 20.33 97.15
6 23-04-08-20:17 20.22 100.00 20.31 100.00 20.36 97.06
6 23-04-08-22:17 20.25 100.00 20.35 100.00 20.43 97.00
6 23-04-09-00:18 20.31 100.00 20.44 100.00 20.47 96.98
6 23-04-09-02:18 20.33 100.00 20.47 100.00 20.48 96.94
6 23-04-09-04:18 20.35 100.00 20.51 100.00 20.51 96.87
6 23-04-09-06:18 20.39 100.00 20.51 100.00 20.54 96.80
6 23-04-09-08:18 20.40 100.00 20.51 100.00 20.56 96.74
6 23-04-09-10:18 20.40 100.00 20.52 100.00 20.57 96.65
6 23-04-09-12:18 20.43 100.00 20.52 100.00 20.57 96.60
6 23-04-09-14:18 20.45 100.00 20.59 100.00 20.66 96.54
6 23-04-09-16:18 20.55 100.00 20.67 100.00 20.71 96.48
6 23-04-09-18:18 20.63 100.00 20.74 100.00 20.75 96.41
6 23-04-09-20:19 20.69 100.00 20.81 100.00 20.84 96.31
6 23-04-09-22:19 20.78 100.00 20.88 100.00 20.93 96.31
6 23-04-10-00:19 20.80 100.00 20.93 100.00 20.99 96.24
6 23-04-10-02:19 20.89 100.00 20.99 100.00 21.02 96.16
6 23-04-10-04:19 20.91 100.00 21.02 100.00 21.05 96.14
6 23-04-10-06:19 20.93 100.00 21.05 100.00 21.08 96.07
6 23-04-10-08:19 20.94 100.00 21.06 100.00 21.08 95.95
6 23-04-10-10:19 20.96 100.00 21.09 100.00 21.14 95.90
6 23-04-10-12:19 20.99 100.00 21.10 100.00 21.16 95.86
6 23-04-10-14:20 21.07 100.00 21.13 100.00 21.21 95.81
6 23-04-10-16:20 21.10 100.00 21.23 100.00 21.26 95.72
6 23-04-10-18:20 21.19 100.00 21.30 100.00 21.36 95.67
6 23-04-10-20:20 21.30 100.00 21.39 100.00 21.45 95.65
6 23-04-10-22:20 21.37 100.00 21.50 100.00 21.53 95.60
6 23-04-11-00:20 21.45 100.00 21.57 100.00 21.60 95.47
6 23-04-11-02:20 21.53 100.00 21.64 100.00 21.67 95.44
6 23-04-11-04:20 21.57 100.00 21.68 100.00 21.73 95.40
6 23-04-11-06:20 21.62 100.00 21.73 100.00 21.75 95.32
6 23-04-11-08:20 21.58 100.00 21.73 100.00 21.73 95.27
6 23-04-11-10:21 21.47 100.00 21.57 100.00 21.62 95.19
6 23-04-11-12:21 21.38 100.00 21.52 100.00 21.57 95.12
6 23-04-11-14:21 21.44 100.00 21.53 100.00 21.62 95.09
6 23-04-11-16:21 21.54 100.00 21.61 100.00 21.72 95.05
6 23-04-11-18:21 21.74 100.00 21.84 100.00 21.89 95.01
6 23-04-11-20:21 21.84 100.00 21.97 100.00 22.01 94.92
6 23-04-11-22:21 21.82 100.00 21.95 100.00 21.99 94.83
6 23-04-12-00:21 21.94 100.00 22.03 100.00 22.08 94.80
6 23-04-12-02:21 22.05 100.00 22.14 100.00 22.18 94.75
6 23-04-12-04:21 22.13 100.00 22.25 100.00 22.27 94.68
6 23-04-12-06:22 22.25 100.00 22.35 100.00 22.37 94.67
6 23-04-12-08:22 22.23 100.00 22.34 100.00 22.40 94.55
6 23-04-12-10:22 22.15 100.00 22.25 100.00 22.28 94.45
6 23-04-12-12:22 22.09 100.00 22.19 100.00 22.23 94.42
6 23-04-12-14:22 22.07 100.00 22.18 100.00 22.21 94.37
6 23-04-12-16:22 22.07 100.00 22.18 100.00 22.21 94.30
6 23-04-12-18:22 21.92 100.00 22.07 100.00 22.10 94.21
21.00 100.00 23-04-12-20:22 a b c
