6 23-09-26-17:28 23.16 74.45 23.27 71.88 23.32 62.63
6 23-09-26-19:28 23.17 74.45 23.29 71.91 23.32 62.62
6 23-09-26-21:29 23.16 74.46 23.30 71.91 23.34 62.57
6 23-09-26-23:29 23.26 74.43 23.39 71.93 23.46 62.51
6 23-09-27-01:29 23.40 74.46 23.53 71.97 23.58 62.55
6 23-09-27-03:29 23.58 74.52 23.67 72.02 23.70 62.54
6 23-09-27-05:29 23.57 74.50 23.70 71.97 23.73 62.53
6 23-09-27-07:29 23.56 74.54 23.65 72.01 23.71 62.48
6 23-09-27-09:29 23.44 74.51 23.61 72.04 23.63 62.46
6 23-09-27-11:29 23.34 74.47 23.46 71.99 23.49 62.34
6 23-09-27-13:29 23.28 74.47 23.46 72.00 23.46 62.35
6 23-09-27-15:29 23.41 74.52 23.53 72.00 23.58 62.34
6 23-09-27-17:30 23.57 74.51 23.70 72.05 23.74 62.33
6 23-09-27-19:30 23.69 74.52 23.83 72.07 23.89 62.37
6 23-09-27-21:30 23.68 74.51 23.80 72.11 23.88 62.32
6 23-09-27-23:30 23.67 74.54 23.83 72.11 23.87 62.31
6 23-09-28-01:30 23.62 74.52 23.75 72.09 23.75 62.21
6 23-09-28-03:30 23.40 74.51 23.53 72.04 23.56 62.18
6 23-09-28-05:30 23.24 74.43 23.37 71.99 23.42 62.04
6 23-09-28-07:30 23.09 74.41 23.22 71.95 23.26 61.99
6 23-09-28-09:30 22.99 74.35 23.13 71.92 23.17 61.92
6 23-09-28-11:31 23.00 74.35 23.14 71.93 23.17 61.86
6 23-09-28-13:31 23.17 74.35 23.30 71.94 23.33 61.86
6 23-09-28-15:31 23.33 74.41 23.44 71.94 23.52 61.87
6 23-09-28-17:31 23.57 74.44 23.68 71.97 23.74 61.90
6 23-09-28-19:31 23.67 74.43 23.77 72.01 23.84 61.89
6 23-09-28-21:31 23.61 74.46 23.75 72.04 23.80 61.90
6 23-09-28-23:31 23.69 74.48 23.81 72.03 23.87 61.92
6 23-09-29-01:31 23.43 74.40 23.57 71.96 23.64 61.78
6 23-09-29-03:31 23.11 74.33 23.22 71.89 23.27 61.65
6 23-09-29-05:31 22.79 74.25 22.90 71.80 22.96 61.50
6 23-09-29-07:32 22.69 74.20 22.79 71.74 22.86 61.39
6 23-09-29-09:32 22.82 74.21 22.98 71.77 23.03 61.35
6 23-09-29-11:32 22.99 74.24 23.09 71.74 23.13 61.28
6 23-09-29-13:32 23.04 74.22 23.16 71.78 23.20 61.17
6 23-09-29-15:32 23.17 74.28 23.30 71.79 23.32 61.15
6 23-09-29-17:32 23.36 74.30 23.49 71.83 23.53 61.08
6 23-09-29-19:32 23.56 74.35 23.68 71.85 23.70 61.05
6 23-09-29-21:32 23.53 74.34 23.61 71.84 23.67 60.87
6 23-09-29-23:32 23.48 74.34 23.61 71.88 23.64 60.81
6 23-09-30-01:33 23.58 74.34 23.71 71.89 23.77 60.69
6 23-09-30-03:33 23.64 74.34 23.78 71.86 23.84 60.57
6 23-09-30-05:33 23.57 74.35 23.70 71.83 23.75 60.39
6 23-09-30-07:33 23.47 74.33 23.61 71.83 23.70 60.27
6 23-09-30-09:33 23.48 74.32 23.58 71.82 23.63 60.08
6 23-09-30-11:33 23.56 74.30 23.67 71.81 23.71 60.00
6 23-09-30-13:33 23.74 74.33 23.83 71.83 23.89 59.89
6 23-09-30-15:33 24.04 74.43 24.15 71.89 24.22 59.86
6 23-09-30-17:33 24.36 74.50 24.45 71.93 24.52 59.86
6 23-09-30-19:33 24.51 74.52 24.66 71.99 24.67 59.86
6 23-09-30-21:34 24.55 74.57 24.68 72.02 24.73 59.88
6 23-09-30-23:34 24.48 74.56 24.62 72.04 24.66 59.83
6 23-10-01-01:34 24.39 74.54 24.48 71.98 24.53 59.87
6 23-10-01-03:34 24.23 74.50 24.35 71.92 24.40 59.87
6 23-10-01-05:34 24.04 74.46 24.15 71.89 24.19 59.92
6 23-10-01-07:34 23.82 74.41 23.97 71.78 24.04 59.94
6 23-10-01-09:34 23.67 74.34 23.80 71.72 23.84 60.01
6 23-10-01-11:34 23.79 74.34 23.91 71.74 23.98 60.16
6 23-10-01-13:34 24.15 74.43 24.27 71.78 24.31 60.40
6 23-10-01-15:34 24.46 74.50 24.54 71.81 24.59 60.61
6 23-10-01-17:35 24.69 74.54 24.83 71.88 24.89 60.84
6 23-10-01-19:35 24.94 74.59 25.02 71.90 25.04 61.02
6 23-10-01-21:35 25.02 74.60 25.13 71.95 25.14 61.17
6 23-10-01-23:35 25.16 74.66 25.29 71.99 25.31 61.34
6 23-10-02-01:35 25.06 74.64 25.19 71.97 25.22 61.39
6 23-10-02-03:35 24.96 74.64 25.06 71.98 25.07 61.44
6 23-10-02-05:35 24.85 74.62 24.96 71.96 24.98 61.49
6 23-10-02-07:35 24.62 74.57 24.79 71.95 24.82 61.50
6 23-10-02-09:35 24.43 74.54 24.55 71.85 24.60 61.49
6 23-10-02-11:36 24.39 74.48 24.49 71.83 24.59 61.56
6 23-10-02-13:36 24.33 74.43 24.47 71.84 24.51 61.61
6 23-10-02-15:36 24.33 74.44 24.45 71.79 24.48 61.69
6 23-10-02-17:36 24.23 74.38 24.35 71.76 24.38 61.75
6 23-10-02-19:36 24.21 74.38 24.36 71.75 24.38 61.82
6 23-10-02-21:36 24.19 74.36 24.28 71.71 24.33 61.92
6 23-10-02-23:36 24.12 74.31 24.22 71.67 24.26 62.03
6 23-10-03-01:36 24.00 74.27 24.11 71.67 24.14 62.13
6 23-10-03-03:36 23.94 74.27 24.04 71.65 24.07 62.17
6 23-10-03-05:36 23.87 74.24 24.01 71.65 24.04 62.27
6 23-10-03-07:37 23.84 74.19 23.94 71.60 23.97 62.35
6 23-10-03-09:37 23.75 74.18 23.84 71.55 23.89 62.37
6 23-10-03-11:37 23.74 74.15 23.87 71.57 23.89 62.47
6 23-10-03-13:37 23.85 74.16 24.01 71.59 24.04 62.50
6 23-10-03-15:37 24.02 74.18 24.11 71.61 24.14 62.64
6 23-10-03-17:37 24.19 74.21 24.27 71.65 24.31 62.73
6 23-10-03-19:37 24.13 74.20 24.27 71.64 24.26 62.73
6 23-10-03-21:37 23.84 74.11 23.97 71.57 24.00 62.69
6 23-10-03-23:37 23.67 74.08 23.77 71.56 23.83 62.62
6 23-10-04-01:38 23.72 74.09 23.85 71.56 23.85 62.58
6 23-10-04-03:38 23.72 74.03 23.84 71.58 23.88 62.48
6 23-10-04-05:38 23.77 74.05 23.87 71.58 23.91 62.43
6 23-10-04-07:38 23.71 74.03 23.88 71.58 23.92 62.27
