6 24-01-10-17:38 16.15 53.73 16.30 49.38 16.33 36.68
6 24-01-10-19:39 15.93 53.67 16.06 49.27 16.12 36.59
6 24-01-10-21:39 15.73 53.58 15.86 49.23 15.92 36.53
6 24-01-10-23:39 15.94 53.57 16.07 49.25 16.13 36.57
6 24-01-11-01:39 16.17 53.60 16.33 49.23 16.40 36.59
6 24-01-11-03:39 16.33 53.62 16.47 49.27 16.51 36.63
6 24-01-11-05:39 16.41 53.59 16.53 49.20 16.58 36.63
6 24-01-11-07:39 16.44 53.59 16.56 49.23 16.61 36.65
6 24-01-11-09:39 16.00 53.50 16.16 49.15 16.19 36.50
6 24-01-11-11:39 15.61 53.35 15.76 49.03 15.79 36.39
6 24-01-11-13:40 15.36 53.29 15.53 48.96 15.52 36.28
6 24-01-11-15:40 15.13 53.15 15.25 48.87 15.31 36.25
6 24-01-11-17:40 14.86 53.10 15.01 48.80 15.01 36.16
6 24-01-11-19:40 14.65 53.01 14.76 48.69 14.80 36.10
6 24-01-11-21:40 14.35 52.90 14.51 48.62 14.56 36.02
6 24-01-11-23:40 14.55 52.89 14.68 48.59 14.73 36.05
6 24-01-12-01:40 14.69 52.91 14.83 48.58 14.91 36.05
6 24-01-12-03:40 14.86 52.92 14.99 48.55 15.06 36.06
6 24-01-12-05:40 15.10 52.93 15.22 48.59 15.28 36.10
6 24-01-12-07:40 15.36 52.96 15.51 48.61 15.58 36.17
6 24-01-12-09:41 15.61 52.96 15.73 48.65 15.82 36.18
6 24-01-12-11:41 15.77 53.00 15.92 48.68 15.95 36.17
6 24-01-12-13:41 15.87 53.00 16.06 48.67 16.07 36.26
6 24-01-12-15:41 15.95 53.03 16.09 48.72 16.16 36.25
6 24-01-12-17:41 16.01 53.00 16.17 48.71 16.19 36.22
6 24-01-12-19:41 16.07 53.00 16.21 48.75 16.26 36.20
6 24-01-12-21:41 16.11 53.03 16.26 48.72 16.30 36.19
6 24-01-12-23:41 16.11 53.00 16.24 48.69 16.33 36.21
6 24-01-13-01:41 16.01 52.97 16.14 48.69 16.20 36.10
6 24-01-13-03:41 15.80 52.94 15.94 48.64 15.99 36.08
6 24-01-13-05:42 15.77 52.90 15.89 48.63 15.92 36.01
6 24-01-13-07:42 15.90 52.90 16.03 48.61 16.09 36.05
6 24-01-13-09:42 15.95 52.91 16.10 48.57 16.15 36.01
6 24-01-13-11:42 15.75 52.84 15.89 48.54 15.95 35.98
6 24-01-13-13:42 15.49 52.75 15.63 48.46 15.65 35.86
6 24-01-13-15:42 15.44 52.79 15.59 48.42 15.64 35.84
6 24-01-13-17:42 15.49 52.74 15.62 48.39 15.68 35.83
6 24-01-13-19:42 15.54 52.70 15.68 48.43 15.73 35.79
6 24-01-13-21:42 15.57 52.64 15.70 48.40 15.76 35.80
6 24-01-13-23:43 15.54 52.69 15.68 48.36 15.70 35.72
6 24-01-14-01:43 15.26 52.59 15.39 48.30 15.44 35.66
6 24-01-14-03:43 14.85 52.49 15.02 48.16 15.07 35.55
6 24-01-14-05:43 14.86 52.45 15.02 48.14 15.07 35.53
6 24-01-14-07:43 14.58 52.39 14.74 48.03 14.77 35.41
6 24-01-14-09:43 14.25 52.26 14.36 47.94 14.40 35.30
6 24-01-14-11:43 14.18 52.20 14.36 47.89 14.36 35.28
6 24-01-14-13:43 14.29 52.19 14.47 47.89 14.49 35.31
6 24-01-14-15:43 14.34 52.19 14.48 47.83 14.49 35.29
6 24-01-14-17:43 14.29 52.11 14.44 47.78 14.48 35.23
6 24-01-14-19:44 14.02 52.09 14.19 47.74 14.24 35.19
6 24-01-14-21:44 13.88 51.96 14.03 47.67 14.07 35.12
6 24-01-14-23:44 14.00 52.00 14.13 47.62 14.18 35.13
6 24-01-15-01:44 14.21 51.97 14.37 47.67 14.43 35.14
6 24-01-15-03:44 14.44 51.97 14.57 47.69 14.62 35.17
6 24-01-15-05:44 14.46 52.00 14.60 47.66 14.65 35.18
6 24-01-15-07:44 14.39 51.96 14.54 47.65 14.59 35.11
6 24-01-15-09:44 14.53 51.95 14.68 47.63 14.73 35.18
6 24-01-15-11:44 14.64 51.99 14.78 47.66 14.83 35.11
6 24-01-15-13:44 14.75 51.98 14.92 47.69 14.98 35.09
6 24-01-15-15:45 14.83 51.98 14.98 47.69 15.03 35.13
6 24-01-15-17:45 14.83 51.95 14.98 47.70 15.04 35.14
6 24-01-15-19:45 14.83 51.96 14.98 47.61 15.03 35.09
6 24-01-15-21:45 14.85 51.92 14.99 47.66 15.06 35.06
6 24-01-15-23:45 14.79 51.91 14.90 47.61 14.97 34.98
6 24-01-16-01:45 14.53 51.85 14.68 47.56 14.72 34.98
6 24-01-16-03:45 14.55 51.85 14.71 47.57 14.73 34.96
6 24-01-16-05:45 14.68 51.87 14.80 47.53 14.86 34.93
6 24-01-16-07:45 14.80 51.86 14.95 47.53 14.98 34.94
6 24-01-16-09:46 14.90 51.89 15.04 47.54 15.07 34.95
6 24-01-16-11:46 14.96 51.89 15.07 47.57 15.15 34.91
6 24-01-16-13:46 14.96 51.88 15.11 47.58 15.15 34.94
6 24-01-16-15:46 14.99 51.87 15.14 47.57 15.18 34.87
6 24-01-16-17:46 15.10 51.89 15.22 47.61 15.30 34.92
6 24-01-16-19:46 15.13 51.88 15.24 47.57 15.33 34.90
6 24-01-16-21:46 15.13 51.86 15.28 47.56 15.35 34.90
6 24-01-16-23:46 15.09 51.86 15.22 47.54 15.28 34.81
6 24-01-17-01:46 14.93 51.80 15.08 47.52 15.11 34.80
6 24-01-17-03:46 14.89 51.77 15.04 47.46 15.07 34.75
6 24-01-17-05:47 14.99 51.72 15.14 47.49 15.20 34.76
6 24-01-17-07:47 14.93 51.76 15.08 47.47 15.14 34.73
6 24-01-17-09:47 14.22 51.62 14.37 47.28 14.39 34.53
6 24-01-17-11:47 13.71 51.47 13.96 47.21 13.98 34.45
6 24-01-17-13:47 13.53 51.40 13.69 47.11 13.74 34.37
6 24-01-17-15:47 14.38 51.49 14.51 47.19 14.59 34.47
6 24-01-17-17:47 15.67 51.71 15.83 47.39 15.90 34.74
6 24-01-17-19:47 16.84 51.93 16.96 47.62 17.02 34.97
6 24-01-17-21:47 17.31 52.08 17.45 47.77 17.50 35.03
6 24-01-17-23:47 17.24 52.14 17.38 47.87 17.43 35.06
6 24-01-18-01:48 16.94 52.13 17.09 47.84 17.15 34.98
6 24-01-18-03:48 16.60 52.08 16.74 47.83 16.79 34.88
6 24-01-18-05:48 16.35 52.08 16.51 47.80 16.53 34.81
6 24-01-18-07:48 16.42 52.08 16.60 47.78 16.70 34.80
