6 23-06-27-11:41 21.38 85.97 21.50 83.10 21.50 69.54
6 23-06-27-13:41 21.33 85.98 21.42 83.06 21.45 69.54
6 23-06-27-15:41 21.23 85.97 21.34 83.04 21.35 69.50
6 23-06-27-17:41 21.20 85.92 21.32 83.00 21.38 69.45
6 23-06-27-19:42 21.14 85.92 21.25 82.95 21.29 69.44
6 23-06-27-21:42 21.09 85.87 21.19 82.95 21.28 69.45
6 23-06-27-23:42 21.58 86.00 21.73 83.05 21.77 69.52
6 23-06-28-01:42 22.20 86.05 22.28 83.15 22.37 69.69
6 23-06-28-03:42 22.27 86.07 22.37 83.13 22.40 69.71
6 23-06-28-05:42 21.92 85.96 22.03 83.05 22.08 69.64
6 23-06-28-07:42 21.99 85.99 22.11 83.09 22.13 69.65
6 23-06-28-09:42 21.69 85.91 21.84 83.00 21.87 69.63
6 23-06-28-11:42 21.58 85.86 21.70 82.96 21.73 69.63
6 23-06-28-13:42 21.48 85.83 21.63 82.94 21.66 69.61
6 23-06-28-15:43 21.41 85.77 21.53 82.91 21.56 69.55
6 23-06-28-17:43 21.30 85.78 21.43 82.89 21.45 69.54
6 23-06-28-19:43 21.24 85.75 21.37 82.84 21.41 69.51
6 23-06-28-21:43 21.27 85.74 21.39 82.87 21.45 69.50
6 23-06-28-23:43 21.78 85.83 21.90 82.93 21.94 69.64
6 23-06-29-01:43 22.36 85.95 22.45 83.05 22.50 69.79
6 23-06-29-03:43 22.13 85.88 22.25 82.96 22.30 69.72
6 23-06-29-05:43 21.88 85.80 22.01 82.90 22.06 69.64
6 23-06-29-07:43 21.97 85.81 22.05 82.87 22.13 69.70
6 23-06-29-09:44 21.62 85.72 21.77 82.83 21.79 69.61
6 23-06-29-11:44 21.54 85.70 21.66 82.81 21.70 69.57
6 23-06-29-13:44 21.43 85.65 21.52 82.75 21.60 69.54
6 23-06-29-15:44 21.34 85.63 21.47 82.77 21.50 69.54
6 23-06-29-17:44 21.33 85.63 21.42 82.71 21.45 69.50
6 23-06-29-19:44 21.29 85.60 21.39 82.70 21.44 69.46
6 23-06-29-21:44 21.26 85.59 21.39 82.65 21.45 69.46
6 23-06-29-23:44 21.81 85.70 21.93 82.80 21.97 69.63
6 23-06-30-01:44 22.35 85.75 22.45 82.87 22.50 69.73
6 23-06-30-03:44 22.11 85.69 22.22 82.79 22.27 69.64
6 23-06-30-05:45 21.82 85.63 21.95 82.77 22.00 69.59
6 23-06-30-07:45 22.16 85.69 22.27 82.83 22.28 69.67
6 23-06-30-09:45 21.89 85.64 22.01 82.75 22.03 69.58
6 23-06-30-11:45 21.68 85.57 21.76 82.66 21.82 69.50
6 23-06-30-13:45 21.55 85.54 21.67 82.63 21.70 69.49
6 23-06-30-15:45 21.50 85.49 21.58 82.60 21.60 69.44
6 23-06-30-17:45 21.45 85.50 21.56 82.60 21.60 69.42
6 23-06-30-19:45 21.41 85.40 21.53 82.60 21.53 69.37
6 23-06-30-21:45 21.36 85.42 21.49 82.58 21.52 69.34
6 23-06-30-23:46 21.64 85.47 21.74 82.62 21.79 69.42
6 23-07-01-01:46 22.23 85.56 22.37 82.73 22.40 69.56
6 23-07-01-03:46 22.20 85.59 22.34 82.68 22.34 69.57
6 23-07-01-05:46 21.92 85.50 22.08 82.64 22.10 69.48
6 23-07-01-07:46 21.80 85.43 21.91 82.61 21.99 69.47
6 23-07-01-09:46 22.32 85.59 22.45 82.72 22.48 69.60
6 23-07-01-11:46 22.28 85.53 22.47 82.69 22.45 69.58
6 23-07-01-13:46 22.12 85.46 22.22 82.64 22.27 69.57
6 23-07-01-15:46 21.89 85.45 22.04 82.58 22.07 69.50
6 23-07-01-17:46 22.07 85.47 22.18 82.61 22.23 69.56
6 23-07-01-19:47 22.46 85.51 22.56 82.65 22.61 69.64
6 23-07-01-21:47 22.25 85.48 22.37 82.65 22.38 69.61
6 23-07-01-23:47 22.02 85.41 22.17 82.60 22.21 69.54
6 23-07-02-01:47 21.89 85.37 22.04 82.53 22.07 69.46
6 23-07-02-03:47 22.11 85.43 22.22 82.57 22.30 69.52
6 23-07-02-05:47 22.35 85.42 22.49 82.56 22.51 69.58
6 23-07-02-07:47 22.12 85.36 22.27 82.54 22.31 69.47
6 23-07-02-09:47 21.95 85.31 22.09 82.52 22.14 69.42
6 23-07-02-11:47 21.88 85.28 22.03 82.49 22.07 69.41
6 23-07-02-13:48 21.82 85.27 21.95 82.44 22.00 69.34
6 23-07-02-15:48 21.89 85.27 21.98 82.45 22.04 69.31
6 23-07-02-17:48 21.95 85.25 22.07 82.44 22.11 69.27
6 23-07-02-19:48 21.88 85.24 22.00 82.46 22.06 69.27
6 23-07-02-21:48 21.81 85.20 21.94 82.41 21.99 69.23
6 23-07-02-23:48 21.77 85.23 21.91 82.38 21.94 69.20
6 23-07-03-01:48 22.13 85.26 22.24 82.45 22.28 69.30
6 23-07-03-03:48 22.39 85.28 22.51 82.48 22.54 69.36
6 23-07-03-05:48 22.09 85.21 22.24 82.39 22.27 69.25
6 23-07-03-07:48 21.92 85.19 22.04 82.37 22.07 69.22
6 23-07-03-09:49 21.78 85.15 21.91 82.35 21.94 69.17
6 23-07-03-11:49 22.25 85.21 22.35 82.41 22.43 69.31
6 23-07-03-13:49 22.42 85.24 22.54 82.43 22.56 69.30
6 23-07-03-15:49 22.27 85.19 22.37 82.38 22.43 69.22
6 23-07-03-17:49 21.99 85.13 22.11 82.35 22.15 69.18
6 23-07-03-19:49 21.84 85.06 21.98 82.28 22.00 69.11
6 23-07-03-21:49 21.78 85.05 21.88 82.25 21.94 69.10
6 23-07-03-23:49 22.07 85.11 22.15 82.29 22.24 69.16
6 23-07-04-01:49 22.43 85.20 22.52 82.36 22.55 69.18
6 23-07-04-03:49 22.18 85.09 22.29 82.29 22.31 69.14
6 23-07-04-05:50 21.92 85.05 22.07 82.22 22.11 69.04
6 23-07-04-07:50 21.78 84.97 21.91 82.18 21.96 69.00
6 23-07-04-09:50 21.67 84.96 21.77 82.16 21.84 68.99
6 23-07-04-11:50 22.08 85.04 22.18 82.24 22.27 69.08
6 23-07-04-13:50 22.56 85.11 22.65 82.31 22.69 69.15
6 23-07-04-15:50 22.20 85.01 22.34 82.20 22.35 69.10
6 23-07-04-17:50 21.91 84.95 22.03 82.17 22.07 69.02
6 23-07-04-19:50 21.69 84.89 21.84 82.10 21.87 69.01
6 23-07-04-21:50 22.09 84.96 22.21 82.17 22.27 69.08
6 23-07-04-23:51 22.48 85.03 22.60 82.23 22.62 69.17
6 23-07-05-01:51 22.04 84.90 22.17 82.12 22.18 69.01
6 23-07-05-03:51 21.85 84.86 22.00 82.09 22.01 68.97
6 23-07-05-05:51 22.15 84.96 22.27 82.11 22.33 69.02
6 23-07-05-07:51 22.39 84.99 22.48 82.16 22.52 69.01
6 23-07-05-09:51 21.85 84.83 21.95 82.04 21.97 68.81
6 23-07-05-11:51 21.44 84.76 21.58 81.96 21.62 68.67
6 23-07-05-13:51 21.20 84.70 21.33 81.88 21.39 68.54
6 23-07-05-15:51 21.11 84.65 21.25 81.84 21.28 68.41
6 23-07-05-17:51 21.09 84.64 21.23 81.82 21.26 68.29
6 23-07-05-19:52 21.03 84.60 21.16 81.82 21.18 68.20
6 23-07-05-21:52 21.01 84.63 21.13 81.78 21.19 68.12
6 23-07-05-23:52 21.48 84.67 21.61 81.90 21.69 68.12
6 23-07-06-01:52 21.99 84.78 22.14 81.98 22.20 68.17
6 23-07-06-03:52 22.46 84.85 22.58 82.05 22.62 68.18
6 23-07-06-05:52 22.13 84.80 22.28 81.97 22.28 67.98
6 23-07-06-07:52 21.87 84.72 21.98 81.89 22.00 67.82
6 23-07-06-09:52 21.61 84.67 21.73 81.85 21.79 67.71
6 23-07-06-11:52 21.82 84.68 21.91 81.86 22.00 67.71
6 23-07-06-13:53 22.12 84.73 22.25 81.94 22.30 67.67
6 23-07-06-15:53 22.25 84.74 22.38 81.91 22.43 67.65
6 23-07-06-17:53 22.07 84.73 22.18 81.87 22.24 67.50
6 23-07-06-19:53 21.92 84.64 22.07 81.83 22.13 67.44
6 23-07-06-21:53 22.09 84.63 22.22 81.85 22.27 67.45
6 23-07-06-23:53 22.49 84.78 22.60 81.92 22.65 67.52
6 23-07-07-01:53 22.92 84.84 23.05 82.01 23.07 67.55
6 23-07-07-03:53 23.28 84.88 23.42 82.06 23.46 67.68
6 23-07-07-05:53 23.65 84.97 23.74 82.15 23.81 67.78
6 23-07-07-07:53 23.71 84.95 23.81 82.16 23.80 67.80
6 23-07-07-09:54 22.90 84.80 23.00 81.96 23.05 67.60
6 23-07-07-11:54 22.39 84.67 22.54 81.86 22.56 67.49
6 23-07-07-13:54 22.15 84.60 22.28 81.81 22.33 67.41
6 23-07-07-15:54 21.99 84.57 22.12 81.75 22.15 67.35
6 23-07-07-17:54 21.75 84.49 21.91 81.68 21.96 67.32
6 23-07-07-19:54 21.75 84.49 21.85 81.67 21.93 67.30
6 23-07-07-21:54 21.88 84.46 21.97 81.65 22.01 67.33
6 23-07-07-23:54 22.19 84.54 22.32 81.72 22.37 67.40
6 23-07-08-01:54 22.69 84.62 22.80 81.76 22.86 67.53
6 23-07-08-03:55 23.14 84.71 23.26 81.86 23.27 67.60
6 23-07-08-05:55 23.53 84.77 23.65 81.98 23.75 67.74
6 23-07-08-07:55 23.67 84.80 23.80 81.95 23.77 67.77
6 23-07-08-09:55 23.04 84.66 23.19 81.84 23.23 67.62
6 23-07-08-11:55 23.33 84.71 23.44 81.88 23.50 67.69
6 23-07-08-13:55 23.62 84.78 23.75 81.94 23.83 67.75
6 23-07-08-15:55 23.23 84.68 23.36 81.84 23.33 67.60
6 23-07-08-17:55 23.07 84.64 23.22 81.81 23.26 67.59
6 23-07-08-19:55 23.41 84.73 23.58 81.88 23.60 67.68
6 23-07-08-21:55 23.17 84.61 23.32 81.82 23.34 67.58
6 23-07-08-23:56 22.97 84.57 23.10 81.74 23.16 67.51
6 23-07-09-01:56 23.36 84.64 23.49 81.83 23.57 67.57
6 23-07-09-03:56 23.44 84.65 23.57 81.82 23.57 67.59
6 23-07-09-05:56 22.92 84.50 23.06 81.71 23.07 67.43
6 23-07-09-07:56 23.17 84.58 23.29 81.76 23.36 67.50
6 23-07-09-09:56 23.60 84.63 23.70 81.83 23.74 67.54
6 23-07-09-11:56 23.24 84.55 23.37 81.77 23.42 67.46
6 23-07-09-13:56 23.02 84.50 23.12 81.66 23.17 67.39
6 23-07-09-15:56 23.37 84.55 23.49 81.78 23.58 67.49
6 23-07-09-17:56 23.40 84.56 23.54 81.72 23.53 67.44
6 23-07-09-19:57 22.90 84.42 23.05 81.61 23.07 67.28
6 23-07-09-21:57 23.11 84.47 23.23 81.66 23.27 67.35
6 23-07-09-23:57 23.58 84.53 23.67 81.69 23.73 67.48
6 23-07-10-01:57 23.11 84.42 23.26 81.63 23.26 67.31
6 23-07-10-03:57 23.14 84.43 23.29 81.64 23.36 67.34
6 23-07-10-05:57 23.54 84.50 23.67 81.69 23.68 67.39
6 23-07-10-07:57 23.07 84.39 23.19 81.55 23.20 67.31
6 23-07-10-09:57 22.49 84.24 22.65 81.43 22.64 67.14
6 23-07-10-11:57 22.22 84.19 22.35 81.36 22.44 67.08
6 23-07-10-13:58 22.19 84.17 22.32 81.36 22.38 67.06
6 23-07-10-15:58 22.28 84.12 22.39 81.36 22.44 67.03
6 23-07-10-17:58 22.18 84.12 22.31 81.30 22.34 66.99
6 23-07-10-19:58 21.97 84.05 22.12 81.22 22.15 66.91
6 23-07-10-21:58 21.89 84.04 22.04 81.18 22.08 66.97
6 23-07-10-23:58 22.46 84.12 22.56 81.29 22.65 67.10
6 23-07-11-01:58 23.04 84.21 23.14 81.38 23.19 67.24
6 23-07-11-03:58 23.48 84.26 23.58 81.46 23.63 67.43
6 23-07-11-05:58 22.94 84.19 23.05 81.32 23.09 67.35
6 23-07-11-07:58 22.96 84.17 23.07 81.33 23.06 67.36
6 23-07-11-09:59 22.39 84.06 22.49 81.17 22.52 67.24
6 23-07-11-11:59 21.92 83.96 22.05 81.12 22.10 67.15
6 23-07-11-13:59 21.92 83.94 22.04 81.07 22.07 67.08
6 23-07-11-15:59 21.81 83.91 21.93 81.01 21.96 67.02
6 23-07-11-17:59 21.81 83.86 21.90 81.01 21.96 67.01
6 23-07-11-19:59 21.91 83.88 22.03 81.00 22.07 66.99
6 23-07-11-21:59 21.98 83.85 22.09 80.99 22.17 67.00
6 23-07-11-23:59 22.36 83.91 22.49 81.07 22.54 67.10
6 23-07-12-01:59 22.77 84.00 22.90 81.16 22.95 67.19
6 23-07-12-04:00 23.13 84.09 23.22 81.19 23.27 67.25
6 23-07-12-06:00 23.38 84.13 23.52 81.24 23.56 67.34
6 23-07-12-08:00 23.38 84.11 23.50 81.25 23.50 67.29
6 23-07-12-10:00 22.58 83.92 22.69 81.09 22.72 67.08
6 23-07-12-12:00 22.05 83.79 22.18 80.98 22.18 66.96
