6 23-04-17-11:02 20.89 100.00 21.02 100.00 21.04 90.95
6 23-04-17-13:03 20.83 100.00 20.96 100.00 20.98 90.95
6 23-04-17-15:03 20.82 100.00 20.92 100.00 20.98 90.85
6 23-04-17-17:03 20.79 100.00 20.90 100.00 20.94 90.82
6 23-04-17-19:03 20.82 100.00 20.93 100.00 20.97 90.74
6 23-04-17-21:03 20.82 100.00 20.92 100.00 20.98 90.67
6 23-04-17-23:03 20.90 100.00 21.02 100.00 21.06 90.66
6 23-04-18-01:03 21.01 100.00 21.14 100.00 21.21 90.59
6 23-04-18-03:03 21.15 100.00 21.26 100.00 21.31 90.56
6 23-04-18-05:03 21.23 100.00 21.34 100.00 21.41 90.48
6 23-04-18-07:03 21.30 100.00 21.42 100.00 21.49 90.43
6 23-04-18-09:04 21.31 100.00 21.42 100.00 21.49 90.38
6 23-04-18-11:04 21.27 100.00 21.40 100.00 21.45 90.32
6 23-04-18-13:04 21.17 100.00 21.27 100.00 21.34 90.29
6 23-04-18-15:04 21.19 100.00 21.26 100.00 21.35 90.20
6 23-04-18-17:04 21.17 100.00 21.29 100.00 21.35 90.17
6 23-04-18-19:04 21.15 100.00 21.26 100.00 21.31 90.09
6 23-04-18-21:04 21.11 100.00 21.23 100.00 21.31 90.06
6 23-04-18-23:04 21.17 100.00 21.29 100.00 21.36 90.01
6 23-04-19-01:04 21.27 100.00 21.40 100.00 21.46 89.97
6 23-04-19-03:05 21.37 100.00 21.52 100.00 21.52 89.90
6 23-04-19-05:05 21.47 100.00 21.56 100.00 21.62 89.83
6 23-04-19-07:05 21.51 100.00 21.61 100.00 21.67 89.79
