6 23-11-02-08:12 17.94 66.77 18.10 62.53 18.09 45.57
6 23-11-02-10:12 17.80 66.77 17.92 62.48 17.98 45.51
6 23-11-02-12:13 17.81 66.72 17.94 62.48 18.03 45.48
6 23-11-02-14:13 17.99 66.74 18.18 62.46 18.15 45.52
6 23-11-02-16:13 18.07 66.75 18.23 62.46 18.27 45.53
6 23-11-02-18:13 18.08 66.70 18.27 62.45 18.27 45.53
6 23-11-02-20:13 18.09 66.71 18.24 62.43 18.25 45.53
6 23-11-02-22:13 18.12 66.74 18.28 62.45 18.29 45.54
6 23-11-03-00:13 18.27 66.74 18.43 62.42 18.44 45.53
6 23-11-03-02:13 18.36 66.72 18.52 62.46 18.54 45.57
6 23-11-03-04:13 18.45 66.76 18.58 62.45 18.62 45.56
6 23-11-03-06:13 18.48 66.74 18.58 62.43 18.63 45.54
6 23-11-03-08:14 18.43 66.72 18.58 62.42 18.63 45.59
6 23-11-03-10:14 18.35 66.70 18.48 62.39 18.52 45.54
6 23-11-03-12:14 18.43 66.69 18.57 62.38 18.59 45.59
6 23-11-03-14:14 18.48 66.71 18.64 62.39 18.65 45.58
6 23-11-03-16:14 18.55 66.69 18.65 62.38 18.72 45.60
6 23-11-03-18:14 18.53 66.70 18.67 62.39 18.70 45.59
6 23-11-03-20:14 18.52 66.67 18.65 62.37 18.70 45.60
6 23-11-03-22:14 18.52 66.68 18.64 62.34 18.65 45.57
6 23-11-04-00:14 18.60 66.65 18.76 62.38 18.79 45.62
6 23-11-04-02:15 18.76 66.70 18.88 62.35 18.96 45.70
6 23-11-04-04:15 18.85 66.64 18.99 62.38 19.06 45.67
6 23-11-04-06:15 18.89 66.69 19.02 62.37 19.09 45.70
6 23-11-04-08:15 18.80 66.66 18.94 62.37 18.97 45.72
6 23-11-04-10:15 18.66 66.62 18.79 62.35 18.82 45.65
6 23-11-04-12:15 18.59 66.63 18.75 62.28 18.82 45.65
6 23-11-04-14:15 18.62 66.59 18.76 62.29 18.79 45.66
6 23-11-04-16:15 18.53 66.54 18.71 62.22 18.77 45.67
6 23-11-04-18:15 18.49 66.52 18.62 62.20 18.70 45.64
6 23-11-04-20:15 18.43 66.48 18.57 62.20 18.58 45.61
6 23-11-04-22:16 18.43 66.48 18.58 62.12 18.60 45.65
6 23-11-05-00:16 18.62 66.50 18.75 62.16 18.80 45.70
6 23-11-05-01:16 18.76 66.53 18.89 62.15 18.95 45.75
6 23-11-05-03:16 18.82 66.51 18.97 62.16 19.05 45.78
6 23-11-05-05:16 18.87 66.50 19.02 62.20 19.06 45.80
6 23-11-05-07:16 18.90 66.51 19.02 62.17 19.07 45.86
6 23-11-05-09:16 18.85 66.49 18.99 62.17 19.02 45.82
6 23-11-05-11:16 18.86 66.49 18.99 62.13 19.05 45.83
6 23-11-05-13:16 18.87 66.49 19.01 62.15 19.06 45.88
6 23-11-05-15:16 18.93 66.48 19.06 62.14 19.13 45.93
6 23-11-05-17:17 18.99 66.43 19.11 62.11 19.18 45.96
6 23-11-05-19:17 19.09 66.46 19.23 62.16 19.27 46.06
6 23-11-05-21:17 19.16 66.46 19.29 62.18 19.35 46.08
6 23-11-05-23:17 19.27 66.45 19.40 62.17 19.47 46.16
6 23-11-06-01:17 19.38 66.48 19.52 62.17 19.55 46.18
6 23-11-06-03:17 19.44 66.49 19.56 62.19 19.62 46.27
6 23-11-06-05:17 19.46 66.47 19.63 62.22 19.65 46.36
6 23-11-06-07:17 19.51 66.49 19.64 62.20 19.68 46.43
6 23-11-06-09:17 19.42 66.47 19.56 62.18 19.64 46.49
6 23-11-06-11:18 19.33 66.43 19.48 62.15 19.54 46.55
6 23-11-06-13:18 19.29 66.44 19.43 62.13 19.47 46.61
6 23-11-06-15:18 19.27 66.44 19.43 62.12 19.47 46.62
6 23-11-06-17:18 19.26 66.40 19.40 62.08 19.45 46.73
6 23-11-06-19:18 19.27 66.35 19.42 62.10 19.45 46.78
6 23-11-06-21:18 19.24 66.34 19.39 62.07 19.45 46.85
6 23-11-06-23:18 19.34 66.39 19.49 62.08 19.57 46.93
6 23-11-07-01:18 19.44 66.36 19.59 62.12 19.67 47.02
6 23-11-07-03:18 19.56 66.41 19.66 62.09 19.74 47.08
6 23-11-07-05:18 19.58 66.39 19.72 62.09 19.76 47.14
6 23-11-07-07:19 19.60 66.38 19.74 62.14 19.76 47.21
6 23-11-07-09:19 19.46 66.35 19.60 62.05 19.62 47.16
6 23-11-07-11:19 19.33 66.34 19.45 62.06 19.50 47.20
6 23-11-07-13:19 19.29 66.28 19.42 62.04 19.50 47.25
6 23-11-07-15:19 19.33 66.29 19.50 62.04 19.54 47.19
6 23-11-07-17:19   
6 23-11-07-19:19 19.53 66.27 19.64 62.08 19.69 47.31
6 23-11-07-21:19 19.48 66.27 19.62 62.03 19.68 47.32
6 23-11-07-23:19 19.57 66.25 19.70 62.04 19.75 47.35
6 23-11-08-01:19 19.64 66.30 19.76 62.08 19.82 47.40
6 23-11-08-03:20 19.62 66.26 19.80 62.07 19.84 47.38
6 23-11-08-05:20 19.62 66.26 19.78 62.06 19.85 47.46
6 23-11-08-07:20 19.70 66.25 19.84 62.05 19.86 47.53
6 23-11-08-09:20 19.62 66.28 19.78 62.06 19.85 47.51
6 23-11-08-11:20 19.62 66.26 19.77 62.02 19.79 47.49
6 23-11-08-13:20 19.56 66.18 19.70 61.98 19.76 47.54
6 23-11-08-15:20 19.53 66.17 19.64 62.02 19.71 47.57
6 23-11-08-17:20 19.51 66.18 19.64 61.99 19.69 47.50
6 23-11-08-19:20 19.42 66.13 19.59 61.97 19.62 47.51
6 23-11-08-21:21 19.33 66.14 19.50 61.96 19.53 47.47
6 23-11-08-23:21 19.46 66.14 19.57 61.93 19.64 47.51
6 23-11-09-01:21 19.58 66.11 19.72 61.98 19.76 47.49
6 23-11-09-03:21 19.65 66.15 19.80 61.99 19.84 47.51
6 23-11-09-05:21 19.68 66.12 19.81 61.97 19.88 47.43
6 23-11-09-07:21 19.71 66.14 19.84 61.97 19.89 47.38
6 23-11-09-09:21 19.54 66.10 19.70 61.92 19.72 47.27
6 23-11-09-11:21 19.38 66.02 19.54 61.91 19.58 47.21
6 23-11-09-13:21 19.33 66.01 19.48 61.88 19.53 47.07
6 23-11-09-15:21 19.31 66.01 19.48 61.85 19.54 47.02
