6 23-03-23-15:28 26.76 98.90 26.76 98.74 26.57 98.27
6 23-03-23-15:33 26.85 98.89 26.90 98.78 26.70 98.31
6 23-03-23-15:38 27.01 98.91 26.99 98.76 26.80 98.30
6 23-03-23-15:43 27.14 98.92 27.14 98.82 26.92 98.32
6 23-03-23-15:48 27.26 98.92 27.27 98.84 27.03 98.29
6 23-03-23-15:53 27.38 98.95 27.40 98.84 27.15 98.35
6 23-03-23-15:59 27.48 98.98 27.51 98.84 27.28 98.35
6 23-03-23-16:04 27.64 99.00 27.64 98.85 27.43 98.38
6 23-03-23-16:09 27.75 98.96 27.77 98.89 27.56 98.38
6 23-03-23-16:14 27.88 99.02 27.89 98.87 27.66 98.35
6 23-03-23-16:19 28.02 99.06 28.05 98.89 27.77 98.37
6 23-03-23-16:24 28.13 99.04 28.16 98.88 27.91 98.40
6 23-03-23-16:29 28.29 99.05 28.29 98.92 28.04 98.40
6 23-03-23-16:34 28.42 99.09 28.42 98.91 28.17 98.41
6 23-03-23-16:39 28.52 99.10 28.55 98.96 28.25 98.41
6 23-03-23-16:45 28.67 99.09 28.71 98.98 28.41 98.41
6 23-03-23-16:50 28.77 99.11 28.79 99.00 28.52 98.44
6 23-03-23-16:55 28.93 99.14 28.94 99.00 28.66 98.48
6 23-03-23-17:00 29.06 99.19 29.09 99.02 28.78 98.45
6 23-03-23-17:05 29.18 99.13 29.23 99.04 28.89 98.52
6 23-03-23-17:10 29.31 99.18 29.34 99.05 29.05 98.48
6 23-03-23-17:15 29.43 99.18 29.48 99.10 29.16 98.49
6 23-03-23-17:20 29.58 99.21 29.58 99.06 29.31 98.48
6 23-03-23-17:25 29.71 99.19 29.72 99.11 29.44 98.52
6 23-03-23-17:30 29.85 99.21 29.85 99.11 29.57 98.54
6 23-03-23-17:36 30.00 99.25 29.98 99.15 29.68 98.55
6 23-03-23-17:41 30.11 99.27 30.12 99.17 29.81 98.54
6 23-03-23-17:46 30.25 99.24 30.22 99.18 29.97 98.58
6 23-03-23-17:51 30.39 99.28 30.38 99.20 30.08 98.60
6 23-03-23-17:56 30.52 99.28 30.49 99.21 30.19 98.60
6 23-03-23-18:01 30.62 99.34 30.60 99.22 30.29 98.60
6 23-03-23-18:06 30.75 99.32 30.73 99.21 30.39 98.57
6 23-03-23-18:11 30.89 99.33 30.87 99.26 30.52 98.61
6 23-03-23-18:16 30.99 99.36 30.94 99.28 30.66 98.63
6 23-03-23-18:21 31.10 99.39 31.09 99.30 30.74 98.67
6 23-03-23-18:27 31.20 99.42 31.20 99.35 30.83 98.66
6 23-03-23-18:32 31.30 99.42 31.27 99.33 30.95 98.70
6 23-03-23-18:37 31.38 99.43 31.40 99.37 31.04 98.67
6 23-03-23-18:42 31.48 99.46 31.46 99.38 31.13 98.75
6 23-03-23-18:47 31.57 99.47 31.55 99.42 31.21 98.74
6 23-03-23-18:52 31.65 99.49 31.63 99.43 31.31 98.74
6 23-03-23-18:57 31.75 99.49 31.71 99.46 31.39 98.76
6 23-03-23-19:02 31.82 99.55 31.78 99.47 31.46 98.78
6 23-03-23-19:07 31.88 99.54 31.88 99.48 31.52 98.82
6 23-03-23-19:13 31.96 99.60 31.92 99.49 31.59 98.85
6 23-03-23-19:18 32.05 99.58 32.02 99.52 31.64 98.81
6 23-03-23-19:23 32.11 99.62 32.08 99.55 31.72 98.85
6 23-03-23-19:28 32.15 99.67 32.12 99.61 31.79 98.90
6 23-03-23-19:33 32.19 99.65 32.19 99.61 31.82 98.92
6 23-03-23-19:38 32.26 99.68 32.22 99.59 31.86 98.89
6 23-03-23-19:43 32.29 99.71 32.28 99.65 31.93 98.95
6 23-03-23-19:48 32.36 99.73 32.33 99.67 31.96 99.00
6 23-03-23-19:53 32.36 99.78 32.35 99.71 32.00 98.99
6 23-03-23-19:58 32.42 99.79 32.39 99.74 32.02 99.05
6 23-03-23-20:04 32.46 99.85 32.42 99.79 32.05 99.04
6 23-03-23-20:09 32.49 99.86 32.46 99.81 32.07 99.07
6 23-03-23-20:14 32.51 99.88 32.47 99.82 32.09 99.08
6 23-03-23-20:19 32.52 99.90 32.49 99.86 32.12 99.13
6 23-03-23-20:24 32.54 99.90 32.50 99.86 32.15 99.15
6 23-03-23-20:29 32.56 99.95 32.55 99.90 32.16 99.17
6 23-03-23-20:34 32.59 99.98 32.52 99.90 32.17 99.21
6 23-03-23-20:39 32.58 100.00 32.56 99.99 32.17 99.22
6 23-03-23-20:44 32.61 100.00 32.56 100.00 32.19 99.20
6 23-03-23-20:50 32.58 100.00 32.53 100.00 32.20 99.28
6 23-03-23-20:55 32.59 100.00 32.55 100.00 32.20 99.33
6 23-03-23-21:00 32.58 100.00 32.53 100.00 32.17 99.36
6 23-03-23-21:05 32.56 100.00 32.53 100.00 32.17 99.35
6 23-03-23-21:10 32.54 100.00 32.50 100.00 32.15 99.38
6 23-03-23-21:15 32.51 100.00 32.49 100.00 32.12 99.40
6 23-03-23-21:20 32.49 100.00 32.44 100.00 32.10 99.45
6 23-03-23-21:25 32.45 100.00 32.42 100.00 32.05 99.43
6 23-03-23-21:30 32.42 100.00 32.38 100.00 32.02 99.47
6 23-03-23-21:35 32.39 100.00 32.36 100.00 31.97 99.50
6 23-03-23-21:41 32.38 100.00 32.30 100.00 31.93 99.50
6 23-03-23-21:46 32.31 100.00 32.26 100.00 31.90 99.53
6 23-03-23-21:51 32.28 100.00 32.23 100.00 31.83 99.51
6 23-03-23-21:56 32.21 100.00 32.14 100.00 31.79 99.53
6 23-03-23-22:01 32.18 100.00 32.12 100.00 31.73 99.56
6 23-03-23-22:06 32.15 100.00 32.05 100.00 31.68 99.56
6 23-03-23-22:11 32.07 100.00 31.99 100.00 31.61 99.60
6 23-03-23-22:16 32.05 100.00 31.96 100.00 31.59 99.63
6 23-03-23-22:21 31.98 100.00 31.89 100.00 31.53 99.62
6 23-03-23-22:26 31.94 100.00 31.88 100.00 31.46 99.67
6 23-03-23-22:32 31.87 100.00 31.79 100.00 31.41 99.67
6 23-03-23-22:37 31.80 100.00 31.69 100.00 31.35 99.70
6 23-03-23-22:42 31.74 100.00 31.65 100.00 31.31 99.72
6 23-03-23-22:47 31.68 100.00 31.61 100.00 31.24 99.74
6 23-03-23-22:52 31.61 100.00 31.55 100.00 31.18 99.71
6 23-03-23-22:57 31.54 100.00 31.49 100.00 31.11 99.76
6 23-03-23-23:02 31.51 100.00 31.41 100.00 31.06 99.76
6 23-03-23-23:07 31.44 100.00 31.35 100.00 30.99 99.80
6 23-03-23-23:12 31.40 100.00 31.27 100.00 30.93 99.81
6 23-03-23-23:18 31.29 100.00 31.21 100.00 30.90 99.82
6 23-03-23-23:23 31.23 100.00 31.17 100.00 30.81 99.84
6 23-03-23-23:28 31.17 100.00 31.10 100.00 30.74 99.83
6 23-03-23-23:33 31.07 100.00 31.03 100.00 30.69 99.87
6 23-03-23-23:38 31.00 100.00 30.97 100.00 30.60 99.91
6 23-03-23-23:43 30.96 100.00 30.89 100.00 30.55 99.94
6 23-03-23-23:48 30.87 100.00 30.80 100.00 30.50 99.97
6 23-03-23-23:53 30.80 100.00 30.76 100.00 30.40 99.93
6 23-03-23-23:58 30.73 100.00 30.67 100.00 30.35 99.98
6 23-03-24-00:03 30.66 100.00 30.59 100.00 30.28 100.00
6 23-03-24-00:09 30.56 100.00 30.53 100.00 30.19 100.00
6 23-03-24-00:14 30.53 100.00 30.46 100.00 30.15 100.00
6 23-03-24-00:19 30.46 100.00 30.38 100.00 30.07 100.00
6 23-03-24-00:24 30.39 100.00 30.30 100.00 29.98 100.00
6 23-03-24-00:29 30.31 100.00 30.23 100.00 29.93 100.00
6 23-03-24-00:34 30.25 100.00 30.18 100.00 29.87 100.00
6 23-03-24-00:39 30.14 100.00 30.11 100.00 29.81 100.00
6 23-03-24-00:44 30.09 100.00 30.01 100.00 29.74 100.00
6 23-03-24-00:49 30.01 100.00 29.93 100.00 29.65 100.00
6 23-03-24-00:54 29.91 100.00 29.86 100.00 29.60 100.00
6 23-03-24-01:00 29.87 100.00 29.79 100.00 29.51 100.00
6 23-03-24-01:05 29.80 100.00 29.74 100.00 29.41 100.00
6 23-03-24-01:10 29.72 100.00 29.67 100.00 29.38 100.00
6 23-03-24-01:15 29.64 100.00 29.58 100.00 29.30 100.00
6 23-03-24-01:20 29.57 100.00 29.51 100.00 29.20 100.00
6 23-03-24-01:25 29.46 100.00 29.45 100.00 29.17 100.00
6 23-03-24-01:30 29.41 100.00 29.35 100.00 29.10 100.00
6 23-03-24-01:35 29.33 100.00 29.28 100.00 29.02 100.00
6 23-03-24-01:40 29.28 100.00 29.21 100.00 28.93 100.00
6 23-03-24-01:46 29.17 100.00 29.14 100.00 28.85 100.00
6 23-03-24-01:51 29.13 100.00 29.07 100.00 28.79 100.00
6 23-03-24-01:56 29.03 100.00 28.99 100.00 28.72 100.00
6 23-03-24-02:01 28.96 100.00 28.90 100.00 28.65 100.00
6 23-03-24-02:06 28.93 100.00 28.84 100.00 28.59 100.00
6 23-03-24-02:11 28.83 100.00 28.77 100.00 28.49 100.00
6 23-03-24-02:16 28.73 100.00 28.71 100.00 28.42 100.00
6 23-03-24-02:21 28.64 100.00 28.63 100.00 28.38 100.00
6 23-03-24-02:26 28.59 100.00 28.58 100.00 28.28 100.00
6 23-03-24-02:31 28.52 100.00 28.49 100.00 28.22 100.00
6 23-03-24-02:37 28.45 100.00 28.42 100.00 28.17 100.00
6 23-03-24-02:42 28.41 100.00 28.34 100.00 28.08 100.00
6 23-03-24-02:47 28.31 100.00 28.29 100.00 28.05 100.00
6 23-03-24-02:52 28.23 100.00 28.19 100.00 27.97 100.00
6 23-03-24-02:57 28.18 100.00 28.13 100.00 27.90 100.00
6 23-03-24-03:02 28.09 100.00 28.06 100.00 27.84 100.00
6 23-03-24-03:07 27.99 100.00 27.99 100.00 27.79 100.00
6 23-03-24-03:12 27.92 100.00 27.91 100.00 27.70 100.00
6 23-03-24-03:17 27.89 100.00 27.89 100.00 27.63 100.00
6 23-03-24-03:23 27.81 100.00 27.80 100.00 27.54 100.00
6 23-03-24-03:28 27.77 100.00 27.74 100.00 27.53 100.00
6 23-03-24-03:33 27.67 100.00 27.65 100.00 27.43 100.00
6 23-03-24-03:38 27.60 100.00 27.55 100.00 27.38 100.00
6 23-03-24-03:43 27.54 100.00 27.53 100.00 27.33 100.00
6 23-03-24-03:48 27.45 100.00 27.44 100.00 27.22 100.00
6 23-03-24-03:53 27.38 100.00 27.37 100.00 27.18 100.00
6 23-03-24-03:58 27.33 100.00 27.33 100.00 27.09 100.00
6 23-03-24-04:03 27.26 100.00 27.26 100.00 27.02 100.00
6 23-03-24-04:08 27.18 100.00 27.18 100.00 26.98 100.00
6 23-03-24-04:14 27.11 100.00 27.13 100.00 26.91 100.00
6 23-03-24-04:19 27.07 100.00 27.06 100.00 26.87 100.00
6 23-03-24-04:24 26.99 100.00 27.02 100.00 26.78 100.00
6 23-03-24-04:29 26.93 100.00 26.93 100.00 26.74 100.00
6 23-03-24-04:34 26.87 100.00 26.86 100.00 26.67 100.00
6 23-03-24-04:39 26.82 100.00 26.79 100.00 26.62 100.00
6 23-03-24-04:44 26.73 100.00 26.73 100.00 26.55 100.00
6 23-03-24-04:49 26.69 100.00 26.69 100.00 26.50 100.00
6 23-03-24-04:54 26.60 100.00 26.62 100.00 26.46 100.00
6 23-03-24-04:59 26.55 100.00 26.56 100.00 26.36 100.00
6 23-03-24-05:05 26.49 100.00 26.49 100.00 26.31 100.00
6 23-03-24-05:10 26.42 100.00 26.43 100.00 26.27 100.00
6 23-03-24-05:15 26.38 100.00 26.35 100.00 26.19 100.00
6 23-03-24-05:20 26.34 100.00 26.31 100.00 26.13 100.00
6 23-03-24-05:25 26.25 100.00 26.28 100.00 26.09 100.00
6 23-03-24-05:30 26.19 100.00 26.18 100.00 26.04 100.00
6 23-03-24-05:35 26.15 100.00 26.12 100.00 25.97 100.00
6 23-03-24-05:40 26.09 100.00 26.09 100.00 25.91 100.00
6 23-03-24-05:45 26.01 100.00 26.04 100.00 25.86 100.00
6 23-03-24-05:51 25.98 100.00 25.94 100.00 25.82 100.00
6 23-03-24-05:56 25.91 100.00 25.91 100.00 25.75 100.00
6 23-03-24-06:01 25.87 100.00 25.85 100.00 25.69 100.00
6 23-03-24-06:06 25.78 100.00 25.80 100.00 25.65 100.00
6 23-03-24-06:11 25.70 100.00 25.74 100.00 25.60 100.00
6 23-03-24-06:16 25.68 100.00 25.68 100.00 25.52 100.00
6 23-03-24-06:21 25.62 100.00 25.61 100.00 25.48 100.00
6 23-03-24-06:26 25.57 100.00 25.55 100.00 25.45 100.00
6 23-03-24-06:31 25.51 100.00 25.53 100.00 25.38 100.00
6 23-03-24-06:36 25.48 100.00 25.48 100.00 25.32 100.00
6 23-03-24-06:42 25.44 100.00 25.43 100.00 25.27 100.00
6 23-03-24-06:47 25.37 100.00 25.36 100.00 25.21 100.00
6 23-03-24-06:52 25.33 100.00 25.33 100.00 25.18 100.00
6 23-03-24-06:57 25.26 100.00 25.27 100.00 25.11 100.00
6 23-03-24-07:02 25.20 100.00 25.20 100.00 25.07 100.00
6 23-03-24-07:07 25.16 100.00 25.14 100.00 25.01 100.00
6 23-03-24-07:12 25.10 100.00 25.13 100.00 24.98 100.00
6 23-03-24-07:17 25.05 100.00 25.09 100.00 24.93 100.00
6 23-03-24-07:22 25.00 100.00 25.02 100.00 24.91 100.00
6 23-03-24-07:28 24.96 100.00 24.99 100.00 24.83 100.00
6 23-03-24-07:33 24.90 100.00 24.94 100.00 24.80 100.00
6 23-03-24-07:38 24.87 100.00 24.89 100.00 24.77 100.00
6 23-03-24-07:43 24.82 100.00 24.85 100.00 24.73 100.00
6 23-03-24-07:48 24.77 100.00 24.79 100.00 24.67 100.00
6 23-03-24-07:53 24.72 100.00 24.78 100.00 24.64 100.00
6 23-03-24-07:58 24.70 100.00 24.70 100.00 24.59 100.00
6 23-03-24-08:03 24.63 100.00 24.63 100.00 24.56 100.00
6 23-03-24-08:08 24.58 100.00 24.58 100.00 24.51 100.00
6 23-03-24-08:13 24.53 100.00 24.56 100.00 24.45 100.00
6 23-03-24-08:19 24.51 100.00 24.51 100.00 24.43 100.00
6 23-03-24-08:24 24.48 100.00 24.45 100.00 24.33 100.00
6 23-03-24-08:29 24.39 100.00 24.43 100.00 24.29 100.00
6 23-03-24-08:34 24.38 100.00 24.36 100.00 24.29 100.00
6 23-03-24-08:39 24.31 100.00 24.34 100.00 24.25 100.00
6 23-03-24-08:44 24.25 100.00 24.28 100.00 24.18 100.00
6 23-03-24-08:49 24.23 100.00 24.24 100.00 24.18 100.00
6 23-03-24-08:54 24.19 100.00 24.19 100.00 24.12 100.00
6 23-03-24-08:59 24.15 100.00 24.17 100.00 24.07 100.00
6 23-03-24-09:04 24.09 100.00 24.12 100.00 24.02 100.00
6 23-03-24-09:10 24.05 100.00 24.08 100.00 23.98 100.00
6 23-03-24-09:15 24.01 100.00 24.05 100.00 23.94 100.00
6 23-03-24-09:20 23.97 100.00 24.00 100.00 23.92 100.00
6 23-03-24-09:25 23.92 100.00 23.97 100.00 23.85 100.00
6 23-03-24-09:30 23.88 100.00 23.93 100.00 23.83 100.00
6 23-03-24-09:35 23.85 100.00 23.88 100.00 23.78 100.00
6 23-03-24-09:40 23.81 100.00 23.83 100.00 23.75 100.00
6 23-03-24-09:45 23.75 100.00 23.78 100.00 23.70 100.00
6 23-03-24-09:50 23.71 100.00 23.75 100.00 23.65 100.00
6 23-03-24-09:56 23.67 100.00 23.71 100.00 23.63 100.00
6 23-03-24-10:01 23.64 100.00 23.67 100.00 23.60 100.00
6 23-03-24-10:06 23.57 100.00 23.65 100.00 23.54 100.00
6 23-03-24-10:11 23.56 100.00 23.60 100.00 23.50 100.00
6 23-03-24-10:16 23.51 100.00 23.54 100.00 23.49 100.00
6 23-03-24-10:21 23.50 100.00 23.53 100.00 23.43 100.00
6 23-03-24-10:26 23.44 100.00 23.47 100.00 23.39 100.00
6 23-03-24-10:31 23.43 100.00 23.44 100.00 23.36 100.00
6 23-03-24-10:36 23.37 100.00 23.40 100.00 23.33 100.00
6 23-03-24-10:41 23.36 100.00 23.36 100.00 23.29 100.00
6 23-03-24-10:47 23.30 100.00 23.33 100.00 23.24 100.00
6 23-03-24-10:52 23.27 100.00 23.29 100.00 23.20 100.00
6 23-03-24-10:57 23.23 100.00 23.26 100.00 23.17 100.00
6 23-03-24-11:02 23.21 100.00 23.20 100.00 23.14 100.00
6 23-03-24-11:07 23.17 100.00 23.17 100.00 23.10 100.00
6 23-03-24-11:12 23.16 100.00 23.16 100.00 23.07 100.00
6 23-03-24-11:17 23.10 100.00 23.13 100.00 23.05 100.00
6 23-03-24-11:22 23.06 100.00 23.09 100.00 23.02 100.00
6 23-03-24-11:27 23.04 100.00 23.06 100.00 22.98 100.00
6 23-03-24-11:33 22.99 100.00 23.00 100.00 22.99 100.00
6 23-03-24-11:38 22.97 100.00 22.99 100.00 22.91 100.00
6 23-03-24-11:43 22.94 100.00 22.95 100.00 22.89 100.00
6 23-03-24-11:48 22.92 100.00 22.93 100.00 22.88 100.00
6 23-03-24-11:53 22.89 100.00 22.92 100.00 22.82 100.00
6 23-03-24-11:58 22.86 100.00 22.89 100.00 22.79 100.00
6 23-03-24-12:03 22.83 100.00 22.85 100.00 22.78 100.00
6 23-03-24-12:08 22.79 100.00 22.85 100.00 22.74 100.00
6 23-03-24-12:13 22.74 100.00 22.78 100.00 22.72 100.00
