6 23-04-19-10:00 21.45 100.00 21.54 99.97 21.60 89.69
6 23-04-19-12:01 21.34 100.00 21.47 99.91 21.52 89.64
6 23-04-19-14:01 21.29 100.00 21.39 99.88 21.46 89.61
6 23-04-19-16:01 21.19 100.00 21.29 99.85 21.35 89.51
6 23-04-19-18:01 21.06 100.00 21.18 99.81 21.22 89.46
6 23-04-19-20:01 20.99 100.00 21.12 99.79 21.15 89.37
6 23-04-19-22:01 21.00 100.00 21.07 99.79 21.14 89.32
6 23-04-20-00:01 21.10 100.00 21.23 99.74 21.31 89.31
6 23-04-20-02:01 21.29 100.00 21.42 99.76 21.46 89.27
6 23-04-20-04:01 21.44 100.00 21.56 99.72 21.60 89.21
6 23-04-20-06:01 21.55 100.00 21.64 99.68 21.69 89.17
6 23-04-20-08:02 21.54 100.00 21.63 99.66 21.69 89.09
6 23-04-20-10:02 21.26 100.00 21.42 99.57 21.44 89.02
6 23-04-20-12:02 21.15 100.00 21.27 99.54 21.34 88.96
6 23-04-20-14:02 21.09 100.00 21.16 99.52 21.24 88.92
6 23-04-20-16:02 20.96 100.00 21.06 99.51 21.12 88.80
6 23-04-20-18:02 20.90 100.00 21.05 99.45 21.09 88.78
6 23-04-20-20:02 20.80 100.00 20.93 99.44 20.98 88.70
6 23-04-20-22:02 20.70 100.00 20.82 99.42 20.88 88.65
6 23-04-21-00:02 20.75 100.00 20.82 99.42 20.93 88.62
6 23-04-21-02:03 20.79 100.00 20.89 99.38 20.94 88.54
6 23-04-21-04:03 20.84 100.00 20.93 99.31 20.99 88.49
6 23-04-21-06:03 20.89 100.00 20.98 99.33 21.05 88.45
6 23-04-21-08:03 20.84 100.00 20.96 99.31 20.99 88.39
6 23-04-21-10:03 20.59 100.00 20.71 99.20 20.75 88.24
6 23-04-21-12:03 20.39 100.00 20.52 99.19 20.57 88.19
6 23-04-21-14:03 20.36 100.00 20.45 99.11 20.53 88.16
6 23-04-21-16:03 20.29 100.00 20.38 99.13 20.43 88.09
6 23-04-21-18:03 20.24 100.00 20.37 99.13 20.39 88.02
6 23-04-21-20:03 20.18 100.00 20.29 99.09 20.35 87.98
6 23-04-21-22:04 20.15 100.00 20.25 99.04 20.32 87.91
6 23-04-22-00:04 20.22 100.00 20.32 99.08 20.39 87.90
6 23-04-22-02:04 20.28 100.00 20.39 99.02 20.40 87.81
6 23-04-22-04:04 20.26 100.00 20.41 99.00 20.44 87.79
6 23-04-22-06:04 20.28 100.00 20.41 98.97 20.46 87.75
6 23-04-22-08:04 20.24 100.00 20.37 98.96 20.43 87.65
6 23-04-22-10:04 20.16 100.00 20.28 98.89 20.32 87.62
6 23-04-22-12:04 20.08 100.00 20.20 98.89 20.26 87.53
6 23-04-22-14:04 20.05 100.00 20.20 98.86 20.23 87.49
6 23-04-22-16:04 20.02 100.00 20.16 98.82 20.19 87.45
6 23-04-22-18:05 20.09 100.00 20.21 98.82 20.27 87.43
6 23-04-22-20:05 20.08 100.00 20.21 98.81 20.26 87.35
6 23-04-22-22:05 20.08 100.00 20.17 98.75 20.20 87.29
6 23-04-23-00:05 19.96 100.00 20.10 98.74 20.17 87.25
6 23-04-23-02:05 19.89 100.00 20.01 98.68 20.06 87.19
6 23-04-23-04:05 19.67 100.00 19.76 98.66 19.85 87.10
6 23-04-23-06:05 19.53 100.00 19.62 98.65 19.69 87.05
6 23-04-23-08:05 19.54 100.00 19.63 98.61 19.71 87.03
6 23-04-23-10:05 20.19 100.00 20.31 98.66 20.37 87.09
6 23-04-23-12:06 20.68 100.00 20.76 98.70 20.84 87.07
6 23-04-23-14:06 20.72 100.00 20.81 98.60 20.85 86.98
6 23-04-23-16:06 20.58 100.00 20.67 98.57 20.73 86.93
6 23-04-23-18:06 20.46 100.00 20.58 98.52 20.66 86.84
6 23-04-23-20:06 20.40 99.97 20.54 98.46 20.57 86.78
6 23-04-23-22:06 20.45 99.95 20.51 98.45 20.58 86.76
6 23-04-24-00:06 20.53 99.94 20.67 98.45 20.71 86.74
6 23-04-24-02:06 20.55 99.91 20.64 98.44 20.73 86.66
6 23-04-24-04:06 20.50 99.93 20.61 98.43 20.70 86.64
6 23-04-24-06:06 20.49 99.89 20.61 98.37 20.66 86.56
6 23-04-24-08:07 20.39 99.82 20.49 98.36 20.54 86.49
6 23-04-24-10:07 20.31 99.82 20.44 98.31 20.46 86.45
6 23-04-24-12:07 20.22 99.79 20.37 98.31 20.37 86.37
6 23-04-24-14:07 20.18 99.79 20.32 98.25 20.37 86.32
6 23-04-24-16:07 20.21 99.77 20.32 98.24 20.37 86.27
6 23-04-24-18:07 20.26 99.73 20.37 98.25 20.40 86.22
6 23-04-24-20:07 20.32 99.73 20.44 98.20 20.47 86.16
6 23-04-24-22:07 20.39 99.72 20.51 98.21 20.57 86.17
6 23-04-25-00:07 20.60 99.71 20.71 98.18 20.75 86.16
6 23-04-25-02:08 20.68 99.72 20.76 98.17 20.85 86.12
6 23-04-25-04:08 20.78 99.67 20.88 98.14 20.91 86.10
6 23-04-25-06:08 20.78 99.66 20.90 98.11 20.95 86.00
6 23-04-25-08:08 20.70 99.63 20.83 98.10 20.85 85.97
6 23-04-25-10:08 20.62 99.59 20.71 98.00 20.78 85.86
6 23-04-25-12:08 20.53 99.58 20.62 97.99 20.68 85.85
6 23-04-25-14:08 20.45 99.54 20.56 97.98 20.60 85.76
6 23-04-25-16:08 20.43 99.53 20.55 97.97 20.58 85.74
6 23-04-25-18:08 20.48 99.54 20.56 97.96 20.63 85.65
6 23-04-25-20:08 20.48 99.50 20.61 97.88 20.66 85.63
6 23-04-25-22:09 20.52 99.45 20.65 97.93 20.68 85.56
6 23-04-26-00:09 20.68 99.48 20.82 97.88 20.88 85.61
6 23-04-26-02:09 20.83 99.46 20.96 97.90 21.02 85.58
6 23-04-26-04:09 20.94 99.47 21.09 97.89 21.14 85.51
6 23-04-26-06:09 21.03 99.46 21.14 97.83 21.21 85.47
6 23-04-26-08:09 21.06 99.41 21.14 97.83 21.22 85.41
